,Concept_ID,xal,eu
0,Auge::N,нүдн,begi
1,Ohr::N,чикн,belarri
2,Nase::N,хамр,sudur
3,Mund::N,амн,aho
4,Zahn::N,шүдн,hortz
5,Zunge::N,келн,mihi
6,Lippe::N,урл,ezpain
7,Wange::N,халх,masail
8,Gesicht::N,нүр,aurpegi
9,Stirn::N,маңна,bekoki
10,Haar::N,үсн,ile
11,Haar::N,үсн,bilo
12,Schnurrbart::N,сахл,bibote
13,Schnurrbart::N,сахл,sudurpeko
14,Bart::N,сахл,bizar
15,Bart::N,өргнә сахл,bizar
16,Kinn::N,өргн,kokots
17,Kiefer[Anatomie]::N,өргн,masailezur
18,Kehle::N,хол,eztarri
19,Hals::N,күзүн,sama
20,Genick::N,гиҗг,garondo
21,Kopf::N,толһа,buru
22,Rücken::N,нурһн,bizkar
23,Bauch::N,гесн,sabel
24,Nabel::N,киисн,zilbor
25,Busen::N,көкн,titi
26,Busen::N,көкн,ugatz
27,Brust::N,чееҗ,bular
28,Schulter::N,ээм,besaburu
29,Arm::N,һар,beso
30,Ellenbogen::N,тоха,ukondo
31,Hand::N,баһлцг,esku
32,Handfläche::N,альхн,ahur
33,Finger::N,хурһн,hatz
34,Finger::N,һарин хурһн,hatz
35,Fingernagel::N,хумсн,azazkal
36,Nagel[Anatomie]::N,хумсн,azazkal
37,Zeh::N,хурһн,behatz
38,Zeh::N,көлин хурһн,behatz
39,Fuß::N,тавг,oin
40,Ferse::N,өскә,orpo
41,Ferse::N,өскә,oinburu
42,Knie::N,өвдг,belaun
43,Oberschenkel::N,һуй,izter
44,Bein::N,көл,zango
45,Körper::N,махмуд,soin
46,Haut::N,арсн,azal
47,Blut::N,цусн,odol
48,Ader::N,судцн,zain
49,Sehne::N,шүрүсн,gihar-zain
50,Knochen::N,ясн,hezur
51,Gehirn::N,экн,garun
52,Gehirn::N,экн,burmuin
53,Herz::N,зүркн,bihotz
54,Magen::N,гесн,urdail
55,Leber::N,элкн,gibel
56,Atem::N,әмсхл,hats
57,Atem::N,әмсхл,arnasa
58,Hunger::N,харһнлһн,gose
59,Träne::N,нульмсн,malko
60,Geschmack::N,амтн,dasta
61,Geruch::N,үнр,usain
62,Schlaf::N,нөр,lo
63,Traum::N,зүүдн,amets
64,Himmel::N,теңгр,zeru
65,Sonne::N,нарн,eguzki
66,Mond::N,сар,ilargi
67,Stern::N,одн,izar
68,Luft::N,аһар,aire
69,Wind::N,салькн,haize
70,Welle::N,дольган,uhin
71,Welle::N,дольган,olatu
72,Wasser::N,усн,ur
73,Stein::N,чолун,harri
74,Boden::N,Һазр,lur
75,Boden::N,Һазр,zoru
76,Erde::N,Һазр,lur
77,Staub::N,тоосн,hauts
78,Rauch::N,утан,ke
79,Funke::N,очн,zirta
80,Funke::N,очн,txinparta
81,Feuer::N,һал,su
82,Licht::N,герл,argi
83,Schatten::N,сүүдр,itzal
84,Schatten::N,сүүдр,geriza
85,Wetter::N,теңгр,eguraldi
86,Nebel::N,будн,laino
87,Wolke::N,үүлн,hodei
88,Regen::N,хур,euri
89,Schnee::N,цасн,elur
90,Eis::N,мөсн,horma
91,Frost::N,киитн,izotzaldi
92,Kälte::N,киитн,hotz
93,Hitze::N,халун,bero
94,Raureif::N,цаң,antzigar
95,Raureif::N,кирү,antzigar
96,Regenbogen::N,солңһ,ostadar
97,Regenbogen::N,солңһ,ortzadar
98,Donner::N,оһтрһун дун,ostots
99,Donner::N,оһтрһун дун,ihurtzuri
100,Strömung::N,урсхл,laster
101,Tropfen::N,дусал,xorta
102,Schaum::N,көөсн,bits
103,Schmutz::N,кир,lohi
104,Schmutz::N,кир,zikin
105,See::N,нур,laku
106,See::N,нур,aintzira
107,Sumpf::N,унул,zingira
108,Moor::N,улм,zohikaztegi
109,Wiese::N,хадлһн,larre
110,Wiese::N,хадлһн,belardi
111,Wald::N,ө-модн,baso
112,Wald::N,ө-модн,oihan
113,Hügel::N,толһа,muino
114,Hügel::N,толһа,pentoka
115,Anhöhe::N,хамр,garai
116,Anhöhe::N,хамр,goragune
117,Berg::N,уул,mendi
118,Gipfel::N,ора,gain
119,Gipfel::N,ора,tontor
120,Höhle::N,хадин көндә,kobazulo
121,Abhang::N,ташу,aldapa
122,Quelle::N,булг,iturri
123,Quelle::N,булг,iturbegi
124,Bach::N,һооҗур,lats
125,Bach::N,һооҗур,erreka
126,Fluss::N,һол,ibai
127,Fluss::N,һол,uhaitz
128,Ufer::N,көвә,bazter
129,Küste::N,көвә,itsasalde
130,Küste::N,теңгсин көвә,itsasalde
131,Festland::N,хүүрә һазр,lehor
132,Meer::N,теңгс,itsaso
133,Bucht::N,цекә,golko
134,Bucht::N,теңгсин цекә,golko
135,Insel::N,арл,irla
136,Insel::N,арл,uharte
137,Blume::N,цецг,lili
138,Gras::N,ноһан,belar
139,Wurzel::N,уңг,zuztar
140,Wurzel::N,уңг,sustrai
141,Baum::N,модн,zuhaitz
142,Stamm::N,шилв,enbor
143,Stamm::N,һол модн,enbor
144,Rinde::N,көрсн,azal
145,Ast::N,ац,adar
146,Zweig::N,ац,abar
147,Blatt::N,хамтхасн,hosto
148,Birke::N,хусм модн,urki
149,Kiefer[Baum]::N,шар харһа,ler
150,Weide[Baum]::N,удн,zume
151,Weide[Baum]::N,удн,sahats
152,Tanne::N,җөөлн цаһан модн,izei
153,Horn::N,өвр,adar
154,Feder::N,өрвлг,luma
155,Feder::N,өрвлг,hegaki
156,Fell::N,арсн,ile
157,Fell::N,арсн,larru
158,Flügel::N,җивр,hego
159,Klaue::N,хумсн,atzapar
160,Kralle::N,тавг,erpe
161,Kralle::N,тавг,atzapar
162,Schwanz::N,сүл,isats
163,Schwanz::N,сүл,buztan
164,Ei::N,өндгн,arrautza
165,Nest::N,үр,habia
166,Bau::N,нүкн,ohantze
167,Tier::N,мал,abere
168,Tier::N,мал,piztia
169,Herde::N,сүрг мал,saldo
170,Herde::N,сүрг мал,abere talde
171,Kuh::N,үкр,behi
172,Bulle::N,бух,zezen
173,Pferd::N,мөрн,zaldi
174,Schaf::N,хөн,ardi
175,Schwein::N,һаха,urde
176,Schwein::N,һаха,txerri
177,Hund::N,ноха,txakur
178,Katze::N,мис,katu
179,Bär::N,аю,hartz
180,Eichhörnchen::N,кермн,urtxintxa
181,Elch::N,хандһа,altze
182,Fuchs::N,арат,azeri
183,Hase::N,туула,erbi
184,Maus::N,хулһн,sagu
185,Wolf::N,чон,otso
186,Vogel::N,шовун,txori
187,Vogel::N,шовун,hegazti
188,Schwarm::N,зел,aldra
189,Huhn::N,така,oilo
190,Hahn::N,эр така,oilar
191,Gans::N,һалун,antzara
192,Adler::N,һәрд,arrano
193,Ente::N,нуһсн,ahate
194,Eule::N,һурвлһ,hontza
195,Kranich::N,тоһрун,kurrilo
196,Krähe::N,шаазһа,bele
197,Kuckuck::N,эргин хуцдг,kuku
198,Schwan::N,хун,beltxarga
199,Fisch::N,заһсн,arrain
200,Barsch::N,шүрг,perka
201,Hecht::N,цурх,lutxo
202,Schlange[Tier]::N,моһа,suge
203,Wurm::N,өтн,har
204,Spinne::N,аралҗн,armiarma
205,Ameise::N,шорһлҗн,inurri
206,Laus::N,бөөсн,zorri
207,Mücke::N,бөкүн,eltxo
208,Fliege::N,батхн,euli
209,Schmetterling::N,эрвәкә,pinpirin
210,Schmetterling::N,эрвәкә,tximeleta
211,Beere::N,бөөлҗрһн,baia
212,Apfel::N,альмн,sagar
213,Pilz::N,теңгрин ки,onddo
214,Pilz::N,теңгрин ки,perretxiko
215,Zwiebel::N,мәңгрснә толһа,tipula
216,Saat::N,буудян экн,haziak
217,Korn::N,экн,ale
218,Korn::N,экн,pikor
219,Heu::N,өвсн,belar ondu
220,Schale::N,хальсн,azal
221,Grube::N,нүкн,hobi
222,Falle::N,урх,harrapagailu
223,Falle::N,хавх,harrapagailu
224,Schlinge::N,бүтү,bilur
225,Schlinge::N,бүтү,xedera
226,Spur::N,мөр,lorratz
227,Asche::N,үмсн,errauts
228,Dreck::N,бальчг,satsukeria
229,Eisen::N,төмр,burdina
230,Gold::N,алтн,urre
231,Gold::N,алтн,urregorri
232,Silber::N,мөңгн,zilar
233,Silber::N,мөңгн,urrezuri
234,Silber::N,цаһан мөңгн,zilar
235,Silber::N,цаһан мөңгн,urrezuri
236,Kohle::N,нүүрсн,ikatz
237,Glas::N,шил,beira
238,Lehm::N,шавр,buztin
239,Sand::N,элсн,harea
240,Sand::N,элсн,hondar
241,Mensch::N,күн,gizaki
242,Mensch::N,күмн,gizaki
243,Mann::N,эр,gizon
244,Frau::N,күүкд күн,andere
245,Frau::N,күүкд күн,emakume
246,Kind::N,үрн,haur
247,Junge::N,көвүн,mutil
248,Mädchen::N,бичкн күүкн,neska
249,Familie::N,бүл,sendi
250,Familie::N,бүл,familia
251,Großvater::N,өвк эцк,aitona
252,Großvater::N,өвк эцк,aitatxi
253,Großvater::N,наһц эцк,aitona
254,Großvater::N,наһц эцк,aitatxi
255,Großmutter::N,эмг эк,amona
256,Großmutter::N,эмг эк,amatxi
257,Großmutter::N,наһц эк,amona
258,Großmutter::N,наһц эк,amatxi
259,Eltern::N,эк эцк хойр,gurasoak
260,Vater::N,эцк,aita
261,Mutter::N,эк,ama
262,Sohn::N,көвүн,seme
263,Tochter::N,күүкн,alaba
264,Bruder::N,дү көвүн,neba
265,Bruder::N,дү көвүн,anaia
266,Schwester::N,эгч,ahizpa
267,Schwester::N,дү күүкн,ahizpa
268,Onkel::N,авһ,osaba
269,Onkel::N,наһцх,osaba
270,Tante::N,наһц эгч,izeba
271,Ehemann::N,залу,senar
272,Ehefrau::N,гергн,emazte
273,Freude::N,байр,poz
274,Freude::N,байр,pozkari
275,Gelächter::N,инәдн,barre
276,Gelächter::N,инәдн,karkara
277,Glück::N,җирһл,zori
278,Glück::N,сәәхн җирһл,zori
279,Kummer::N,зовлң,xangrin
280,Kummer::N,зовлң,atsekabe
281,Wunsch::N,дурн,nahi
282,Wunsch::N,дурн,nahikunde
283,Lust::N,җилвтлһн,gogo
284,Geist::N,зөрг,gogo
285,Gedanke::N,ухан,gogoeta
286,Gedächtnis::N,чееҗин тодлвр,oroimen
287,Gedächtnis::N,чееҗин тодлвр,gogoramen
288,Verstand::N,ухан,adimen
289,Verstand::N,ухан,ulermen
290,Sinn::N,учр-утх,zentzu
291,Grund::N,учр,zergati
292,Grund::N,шалтан,zergati
293,Wahrheit::N,үнн,egia
294,Gespräch::N,күүндвүр,hizketa
295,Gespräch::N,күүндвүр,elkarrizketa
296,Märchen::N,тууль,ipuin
297,Erzählung::N,келвр,edesti
298,Erzählung::N,келвр,kontakizun
299,Nachricht::N,медүллһн,albiste
300,Neuigkeit::N,зәңг,berri
301,Name::N,нерн,izen
302,Rätsel::N,тәәлвртә тууль,asmakizun
303,Rede::N,келлһн,hitzaldi
304,Rede::N,келлһн,mintzaldi
305,Sprache::N,келн,hizkuntza
306,Stimme::N,дун,ahots
307,Wort::N,үг,hitz
308,Zeichen::N,темдг,agerbide
309,Zeichen::N,темдг,agergarri
310,Ruf::N,дуудлһн,dei
311,Lärm::N,шууган,zarata
312,Lärm::N,шууган,harrabots
313,Laut::N,ә,hots
314,Ton::N,дун,tonu
315,Ton::N,дун,soinu
316,Lied::N,дун,abesti
317,Ruhe::N,амулң,nasaitasun
318,Leute::N,әмтн,jende
319,Volk::N,улс,herri
320,Volk::N,улс,populu
321,Arbeit::N,көдлмш,lan
322,Gast::N,гиич,arrotz
323,Gast::N,гиич,apopilo
324,Geschenk::N,белг,opari
325,Spiel::N,наадн,jolas
326,Gesellschaft::N,олн,gizarte
327,Hilfe::N,нөкд,helpide
328,Hilfe::N,нөкд,laguntza
329,Freund::N,иньг,lagun
330,Kamerad::N,үр,adiskide
331,Kamerad::N,үр,lagunkide
332,Angelegenheit::N,керг,afera
333,Anzahl::N,то,kopuru
334,Art::N,зүүл,mota
335,Stück::N,хусг,puska
336,Teil::N,хүв,atal
337,Hälfte::N,өрәл,erdi
338,Kreis::N,төгрг,biribilki
339,Kreuz::N,кирс,gurutze
340,Linie::N,зурасн,linea
341,Strich::N,татасн,marra
342,Abstand::N,зә,tarte
343,Entfernung::N,һазр,urrunera
344,Gegend::N,һазр,alderdi
345,Gegend::N,һазр,eskualde
346,Platz::N,зә,leku
347,Ort::N,бәәрн,toki
348,Seite::N,тал,albo
349,Seite::N,хаҗу,albo
350,Seite::N,хәврһ,albo
351,Mitte::N,дунд,erdi
352,Gegenstand::N,юмн,gauzaki
353,Sache::N,юмн,gauza
354,Rand::N,зах,ertz
355,Kante::N,ирмәг,ertz
356,Ecke::N,өнцг,kantoi
357,Spitze::N,үзүр,punta
358,Ende::N,үзүр,buru
359,Ende::N,үзүр,mutur
360,Loch::N,хаһрха,zulo
361,Winkel::N,булң,zoko
362,Winkel::N,булң,bazter
363,Muster::N,намч,eredu
364,Muster::N,намч,marrazki
365,Größe::N,кемҗән,kaizu
366,Größe::N,кемҗән,tamaina
367,Länge::N,ут,luzera
368,Höhe::N,өндр,goiera
369,Höhe::N,өндр,garaiera
370,Gewicht::N,күнд,hazta
371,Gewicht::N,чиңнүр,hazta
372,Menge::N,ик,kopuru
373,Haufen::N,ова,pila
374,Haufen::N,ова,mendoi
375,Reihe::N,зерг,ilara
376,Reihe::N,зерг,errenkada
377,Reihe::N,зерглән,ilara
378,Reihe::N,зерглән,errenkada
379,Boot::N,оңһц,potin
380,Boot::N,оңһц,txalupa
381,Ruder::N,хәәв,arraun
382,Schlitten::N,цан,lera
383,Schlitten::N,цан,narra
384,Ski::N,лыҗ,eski
385,Lagerfeuer::N,костёр,su
386,Last::N,күнд,zama
387,Last::N,күнд,karga
388,Gang::N,йовлһн,ibilera
389,Schritt::N,ишкм,pauso
390,Schritt::N,ишкм,urrats
391,Norden::N,ар үзг,ipar
392,Norden::N,ар үзг,iparralde
393,Süden::N,өмн,hego
394,Süden::N,өмн,hegoalde
395,Süden::N,өмн үзг,hego
396,Süden::N,өмн үзг,hegoalde
397,Westen::N,барун,sartalde
398,Westen::N,барун,mendebalde
399,Westen::N,барун үзг,sartalde
400,Westen::N,барун үзг,mendebalde
401,Osten::N,зүн,ekialde
402,Osten::N,зүн,sortalde
403,Osten::N,зүн үзг,ekialde
404,Osten::N,зүн үзг,sortalde
405,Holz::N,модн,zur
406,Brett::N,харһа,ohol
407,Platte::N,хавтха чолун,lauza
408,Stütze::N,тулг,irozgarri
409,Stütze::N,тулг,bermagailu
410,Stange::N,уньн,haga
411,Stock::N,модн,makila
412,Stab::N,шуург,makila
413,Rohr::N,турва,hodi
414,Haus::N,гер,etxe
415,Heim::N,гер-бул,etxe
416,Heim::N,гер-бул,etxaleku
417,Ofen::N,беш,berogailu
418,Fußboden::N,девскр,zoru
419,Tisch::N,ширә,mahai
420,Stuhl::N,стул,aulki
421,Wiege::N,өлгә,kuma
422,Wiege::N,өлгә,sehaska
423,Wiege::N,дүүҗң,kuma
424,Wiege::N,дүүҗң,sehaska
425,Bett::N,орн,ohe
426,Bett::N,орн,ohatze
427,Bett::N,орндг,ohe
428,Bett::N,орндг,ohatze
429,Regal::N,таг,apalategi
430,Regal::N,тәвц,apalategi
431,Kiste::N,яршг,kutxa
432,Fenster::N,терз,leiho
433,Tür::N,үүдн,ate
434,Tor::N,үүдн,atari
435,Tor::N,өргн үүдн,atari
436,Tor::N,хашан үүдн,atari
437,Zaun::N,хаша,hesi
438,Dach::N,деевр,teilatu
439,Leiter::N,шат,zurubi
440,Leiter::N,давшур,zurubi
441,Besen::N,сәвүр,erratz
442,Spaten::N,күрз,burdinpala
443,Schaufel::N,совг,pala
444,Gabel::N,серә,sardexka
445,Löffel::N,ухр,koilara
446,Messer::N,утх,aizto
447,Nagel::N,хадасн,iltze
448,Netz::N,гөлм,sare
449,Haken::N,дегә,mako
450,Griff::N,иш,eskutoki
451,Griff::N,бәрүл,eskutoki
452,Schloss::N,оньс,sarraila
453,Bild::N,зург,irudi
454,Figur::N,фигур,figura
455,Puppe::N,наадһа,panpina
456,Puppe::N,наадһа,andrakila
457,Beutel::N,мишг,zorro
458,Bündel::N,багла,azao
459,Bündel::N,багла,espal
460,Bündel::N,боодһа,azao
461,Bündel::N,боодһа,espal
462,Tasche::N,сумк,poltsa
463,Eimer::N,суулһ,treska
464,Deckel::N,бүркәсн,tapa
465,Deckel::N,бүркәсн,estalki
466,Geschirr::N,сав,baxera
467,Geschirr::N,сав,ontziteria
468,Geschirr::N,сав-сарх,baxera
469,Geschirr::N,сав-сарх,ontziteria
470,Sack::N,мишг,zaku
471,Tasse::N,ааһ,kikara
472,Topf::N,кастрюль,ontzi
473,Topf::N,кастрюль,lapiko
474,Kessel::N,хәәсн,pazia
475,Essen::N,зоогллһн,janaldi
476,Nahrung::N,теҗәл,jan
477,Speise::N,хот,jaki
478,Fleisch::N,махн,okela
479,Fleisch::N,махн,haragi
480,Getreide::N,хот болҗ эдлгддг цецгүдтә урһмл,labore
481,Brei::N,хаш,ahi
482,Brei::N,хаш,pure
483,Brot::N,өдмг,ogi
484,Scheibe::N,зүсм,xerra
485,Scheibe::N,зүсм,pirripita
486,Fett::N,өөкн,urin
487,Fett::N,өөкн,koipe
488,Butter::N,тосн,gurin
489,Öl::N,тосн,olio
490,Salz::N,давсн,gatz
491,Suppe::N,шөлн,zopa
492,Suppe::N,шөлн,salda
493,Honig::N,бал,ezti
494,Milch::N,үсн,esne
495,Tee::N,цә,te
496,Leder::N,арсн,larru
497,Wolle::N,утцн,artile
498,Wolle::N,эд,artile
499,Stoff::N,эд,ehun
500,Nadel::N,зүн,orratz
501,Nadel::N,зүн,jostorratz
502,Faden::N,утцн,hari
503,Knopf::N,товч,botoi
504,Knoten::N,зәңгдә,korapilo
505,Farbe::N,будг,pintura
506,Kleidung::N,хувцн,arropa
507,Kleidung::N,хувцн,jantziak
508,Kleidung::N,хувц-хунр,arropa
509,Kleidung::N,хувц-хунр,jantziak
510,Hemd::N,киилг,atorra
511,Hemd::N,киилг,alkandora
512,Kragen::N,зах,idun
513,Ärmel::N,ханцн,mahuka
514,Hose::N,шалвур,prakak
515,Hose::N,шалвур,galtzak
516,Gürtel::N,бүс,gerriko
517,Mütze::N,махла,txano
518,Mütze::N,махла,txapel
519,Schuh::N,башмгуд,oski
520,Schuh::N,башмгуд,oinetako
521,Stiefel::N,һосн,bota
522,Ring::N,билцг,uztai
523,Band::N,лент,zinta
524,Band::N,лент,xingola
525,Kamm::N,сам,orrazi
526,Spiegel::N,толь,mirail
527,Riemen::N,бүс,uhal
528,Schnur::N,деесн,lokailu
529,Leine::N,бурнтг,lotura
530,Leine::N,нохан көтлвр,lotura
531,Decke::N,көнҗл,burusi
532,Kissen::N,дер,kuxin
533,Tuch::N,альчур,zapi
534,Tuch::N,альчур,oihal
535,Handtuch::N,полотенц,eskuzapi
536,Handtuch::N,полотенц,eskuoihal
537,Handtuch::N,һар-нүүрин альчур,eskuzapi
538,Handtuch::N,һар-нүүрин альчур,eskuoihal
539,Kraft::N,күчн,indar
540,Stärke::N,чидл,indar
541,Gesundheit::N,эрүл-менд,osasun
542,Krankheit::N,өвчн,eritasun
543,Krankheit::N,өвчн,gaixotasun
544,Schmerz::N,өвдлһн,min
545,Wunde::N,шав,zauri
546,Fieber::N,безг,sukar
547,Arznei::N,эм,osagai
548,Arznei::N,эм,sendagai
549,Brücke::N,тагт,zubi
550,Brunnen::N,худг,putzu
551,Weide::N,малын идг,alha
552,Weide::N,малын идг,bazkaleku
553,Pfad::N,цувг,zidor
554,Pfad::N,цувг,bidexka
555,Weg::N,хаалһ,bide
556,Straße::N,зам,errepide
557,Dorf::N,хотн,herri
558,Stadt::N,балһсн,hiri
559,Brief::N,бичг,gutun
560,Brief::N,бичг,eskutitz
561,Buch::N,дегтр,liburu
562,Buchstabe::N,үзг,hizki
563,Zeitung::N,газет,egunkari
564,Leben::N,җирһл,bizi
565,Leben::N,җирһл,bizitza
566,Tod::N,үкл,herio
567,Tod::N,үкл,heriotza
568,Tod::N,өңгрлһн,herio
569,Tod::N,өңгрлһн,heriotza
570,Grab::N,оршалһна нүкн,hobi
571,Grab::N,оршалһна нүкн,hilobi
572,Kirche::N,чонҗ,eliza
573,Sünde::N,нүл,hoben
574,Sünde::N,нүл,bekatu
575,Sünde::N,килнц,hoben
576,Sünde::N,килнц,bekatu
577,Gott::N,бурхн,jainko
578,Arbeiter::N,көдлмшч,langile
579,Arbeiter::N,көдлмшч,behargin
580,Chef::N,толһач,nagusi
581,Meister::N,урн,maisu
582,Arzt::N,эмч,osagile
583,Arzt::N,эмч,sendagile
584,Lehrer::N,багш,irakasle
585,Geld::N,мөңгн,diru
586,Geschäft::N,көдлмш,negozio
587,Laden::N,лавк,denda
588,Laden::N,лавк,saltegi
589,Preis::N,үн,prezio
590,Preis::N,үн,salneurri
591,Ware::N,эд-тавр,salgai
592,Nutzen::N,олз,onura
593,Nutzen::N,олз,probetxu
594,Reichtum::N,зөөр,aberastasun
595,Welt::N,орчлң,ludi
596,Welt::N,орчлң,mundu
597,Welt::N,делкә,ludi
598,Welt::N,делкә,mundu
599,Land::N,орн-нутг,herrialde
600,Staat::N,государств,estatu
601,König::N,хан,errege
602,Macht::N,йосн,botere
603,Grenze::N,меҗә,muga
604,Krieg::N,дән,guda
605,Feind::N,дәәсн,etsai
606,Feind::N,дәәсн,arerio
607,Gewalt::N,күч һарһлһн,bortxa
608,Gewalt::N,күч һарһлһн,bortizkeria
609,Kampf::N,ноолдан,gudu
610,Kampf::N,ноолдан,auska
611,Kampf::N,бәрлдлһн,gudu
612,Kampf::N,бәрлдлһн,auska
613,Bogen[Waffe]::N,саадг,arku
614,Pfeil::N,сумн,gezi
615,Gewehr::N,бу,fusil
616,Fehler::N,алдг,huts
617,Fehler::N,алдг,hutsegin
618,Lüge::N,худл,gezur
619,Schaden::N,хорлт,kalte
620,Unglück::N,гүрм,zoritxar
621,Unglück::N,гүрм,zorigaitz
622,Schuld::N,гем,erru
623,Schuld::N,буру,erru
624,Alter::N,насн,adin
625,Schluss::N,чилгч,bukaera
626,Zeit::N,цаг,aldi
627,Zeit::N,цаг,denbora
628,Tag::N,өдр,egun
629,Morgen::N,өрүн,goiz
630,Mittag::N,үд,eguerdi
631,Abend::N,асхн,arrats
632,Nacht::N,сө,gau
633,Woche::N,долан хонг,aste
634,Monat::N,сар,hil
635,Jahr::N,җил,urte
636,Frühling::N,хавр,udalehen
637,Sommer::N,зун,uda
638,Herbst::N,намр,udazken
639,Herbst::N,намр,neguantz
640,Winter::N,үвл,negu
641,Januar::N,январь,urtarril
642,Februar::N,февраль,otsail
643,März::N,март,martxo
644,März::N,моһа сар,martxo
645,April::N,апрель,apiril
646,Mai::N,май,maiatz
647,Juni::N,июнь,ekain
648,Juni::N,мөчн сар,ekain
649,Juli::N,июль,uztail
650,August::N,август,abuztu
651,September::N,һаха сар,irail
652,Oktober::N,октябрь,urri
653,November::N,ноябрь,azaro
654,November::N,үкр сар,azaro
655,Dezember::N,бар сар,abendu
656,Montag::N,понедельник,astelehen
657,Dienstag::N,вторник,astearte
658,Mittwoch::N,среда,asteazken
659,Mittwoch::N,үлмҗ өдр,asteazken
660,Donnerstag::N,четверг,ostegun
661,Donnerstag::N,пүрвә өдр,ostegun
662,Freitag::N,пятниц,ostiral
663,Samstag::N,суббот,larunbat
664,Sonntag::N,нарн өдр,igande
665,Sonntag::N,воскресень,igande
666,groß::A,ик,handi
667,klein::A,бичкн,txiki
668,lang::A,ут,luze
669,kurz::A,оһтр,labur
670,breit::A,өргн,zabal
671,schmal::A,уутьхн,mehar
672,dicht::A,нигт,sarri
673,dicht::A,нигт,trinko
674,dick[Gegenstand]::A,зузан,lodi
675,dünn::A,нимгн,mehe
676,fein::A,нәрхн,fin
677,fest::A,бат,tinko
678,flach::A,хавтха,lau
679,flach::A,хавтха,ordoki
680,glatt::A,тегш,leun
681,glatt::A,тиньгр,leun
682,hart::A,хату,gogor
683,weich::A,җөөлн,bigun
684,weich::A,җөөлн,beratz
685,weich::A,җөөлкн,bigun
686,weich::A,җөөлкн,beratz
687,rund::A,төгрг,biribil
688,spitz::A,шовһр,puntadun
689,scharf::A,хурц,zorrotz
690,stumpf::A,мука,kamuts
691,schwer::A,күнд,astun
692,schwer::A,күнд,pisutsu
693,schön::A,сәәхн,eder
694,heiß::A,халун,bero
695,heiß::A,халун,oso bero
696,warm::A,дулан,bero
697,kalt::A,киитн,hotz
698,kühl::A,серүн,hotzil
699,frisch::A,серүн,fresko
700,frisch::A,серүн,hozkirri
701,feucht::A,чиигтә,heze
702,nass::A,чиигтә,busti
703,trocken::A,хагсу,siku
704,trocken::A,хагсу,lehor
705,voll::A,дүүрң,bete
706,leer::A,сул,huts
707,leer::A,хоосн,huts
708,offen::A,секәтә,ireki
709,geschlossen::A,хаалһата,itxita
710,sauber::A,цевр,xahu
711,sauber::A,цевр,garbi
712,schmutzig::A,киртә,lohi
713,schmutzig::A,киртә,zikin
714,roh::A,түүкә,gordin
715,reif::A,болсн,umo
716,reif::A,болсн,heldu
717,lecker::A,әмтәхн,goxo
718,süß::A,әмтәхн,goxo
719,bitter::A,һашун,karmin
720,bitter::A,һашун,garratz
721,bitter::A,һашута,karmin
722,bitter::A,һашута,garratz
723,sauer::A,ишклң,mingots
724,hell::A,герлтә,argi
725,dunkel::A,харңһу,ilun
726,schwarz::A,хар,beltz
727,weiß::A,цаһан,zuri
728,rot::A,улан,gorri
729,gelb::A,шар,hori
730,blau::A,көк,urdin
731,grün::A,көк,berde
732,grün::A,көк,musker
733,grau::A,бор,urdin
734,grau::A,бор,urdinabar
735,bunt::A,алг,koloretsu
736,bunt::A,эрәтә,koloretsu
737,billig::A,кимд,merke
738,teuer::A,үнтә,garesti
739,wertvoll::A,үнтә,baliotsu
740,wertvoll::A,эрднь,baliotsu
741,blind::A,сохр,itsu
742,taub::A,дүлә,gor
743,kräftig::A,күчтә,kementsu
744,stark::A,чаңһ,bizkor
745,stark::A,чаңһ,indartsu
746,schwach::A,күчн тату,ahul
747,schwach::A,күчн тату,indargabe
748,fett::A,тарһн,gizen
749,schlank::A,эццн,lerden
750,hübsch::A,көркхн,polit
751,böse::A,уурта,tzar
752,böse::A,уурта,gaizto
753,dumm::A,тенг,lelo
754,dumm::A,тенг,pello
755,faul::A,залху,nagi
756,faul::A,залху,alfer
757,fleißig::A,кинән,maratz
758,fleißig::A,кинән,lanzale
759,fleißig::A,кинмһә,maratz
760,fleißig::A,кинмһә,lanzale
761,geizig::A,ховдг,zeken
762,geizig::A,ховдг,zikoitz
763,klug::A,ухата,zuhur
764,geschickt::A,чадмг,trebe
765,geschickt::A,чадмг,antzetsu
766,lieb::A,эңкр,maite
767,lieb::A,эңкр,laztan
768,lustig::A,сергмҗтә,alaitsu
769,lustig::A,җирһлтә,alaitsu
770,sanft::A,номһн,eme
771,sanft::A,номһн,ezti
772,hungrig::A,өлн,gose
773,hungrig::A,харһнсн,gose
774,krank::A,өвчтә,eri
775,krank::A,өвчтә,gaixo
776,krank::A,шалтгта,eri
777,krank::A,шалтгта,gaixo
778,nackt::A,нүцкн,biluzi
779,traurig::A,һундлта,itun
780,traurig::A,һундлта,betilun
781,lebendig::A,әмд,bizirik
782,gut::A,сән,on
783,schlecht::A,му,txar
784,richtig::A,зөвтә,zuzen
785,schlimm::A,җигшүртә,larri
786,wahr::A,үнн,egiazko
787,wahr::A,мөн,egiazko
788,alt::A,хуучн,zahar
789,neu::A,шин,berri
790,ehemalig::A,хуучн,lehengo
791,alt[Lebewesen]::A,көгшн,adindun
792,jung::A,баһ,gazte
793,arm::A,угатя,txiro
794,arm::A,угатя,behartsu
795,reich::A,байн,dirudun
796,bekannt::A,таньл,ezagun
797,bekannt::A,таньдг,ezagun
798,berühmt::A,туурсн,entzun
799,berühmt::A,туурсн,ospetsu
800,fremd::A,күүнә,arrotz
801,verschieden::A,әдл биш,ezberdin
802,verschieden::A,әдл биш,desberdin
803,verschieden::A,йилһәтә,ezberdin
804,verschieden::A,йилһәтә,desberdin
805,nah::A,өөрхн,hurre
806,nah::A,өөрхн,hurbil
807,fern::A,хол,urrun
808,linker::A,зүн,ezker
809,rechter::A,барун,eskuin
810,anderer::A,талдан,beste
811,erster::A,негдгч,lehen
812,erster::A,негдгч,aurren
813,zweiter::A,хойрдгч,bigarren
814,dritter::A,һурвдгч,hirugarren
815,letzter::A,отхн,azken
816,letzter::A,отхн,hondar
817,allein::ADV,һанцарн,bakarrik
818,auf einmal::ADV,нег дәкҗ,batera
819,zusammen::ADV,хамдан,elkarrekin
820,lange::ADV,удан,luzaro
821,plötzlich::ADV,генткн,bat-batean
822,sofort::ADV,дарунь,berehala
823,später::ADV,сүүлд,gero
824,jetzt::ADV,ода,orain
825,heute::ADV,эндр,gaur
826,morgen::ADV,маңһдур,bihar
827,bald::ADV,дарунь,aurki
828,bald::ADV,дарунь,laster
829,dann::ADV,дәкәд,ondoren
830,gestern::ADV,өцклдүр,atzo
831,einst::ADV,нег саамд,antzina
832,damals::ADV,тиигхд,orduan
833,danach::ADV,тегәд,gerora
834,danach::ADV,тегәд,ondoren
835,vorher::ADV,урд,lehenago
836,zuerst::ADV,түрүләд,aurrena
837,zuerst::ADV,түрүләд,lehenbizi
838,einmal::ADV,нег дәкҗ,behin
839,einmal::ADV,нег дәкҗ,aldi bat
840,manchmal::ADV,зәрмдән,batzuetan
841,manchmal::ADV,зәрмдән,zenbaitetan
842,oft::ADV,хара биш,maiz
843,oft::ADV,хара биш,askotan
844,oft::ADV,хатяр биш,maiz
845,oft::ADV,хатяр биш,askotan
846,oft::ADV,дару-дарунь,maiz
847,oft::ADV,дару-дарунь,askotan
848,immer::ADV,оньдинд,beti
849,niemals::ADV,кезә чмгн биш,inoiz ez
850,niemals::ADV,кезә чмгн биш,sekula ez
851,hier::ADV,энд,hemen
852,hier::ADV,энүнд,hemen
853,hierhin::ADV,нааран,hona
854,von hier::ADV,эндәс,hemendik
855,von hier::ADV,эндәс,honetatik
856,dort::ADV,тенд,han
857,dorthin::ADV,тиигән,hara
858,geradeaus::ADV,шуд,artez
859,vorwärts::ADV,уралан,aurrera
860,rückwärts::ADV,гедргән,atzera
861,rückwärts::ADV,гедргән,atzerantz
862,zurück::ADV,хәрү,atzera
863,unten::ADV,дор,behean
864,hinab::ADV,дор,behera
865,hinab::ADV,дор,beherantz
866,hinab::ADV,доракшан,behera
867,hinab::ADV,доракшан,beherantz
868,oben::ADV,деер,goian
869,hinauf::ADV,өөдән,gora
870,hinauf::ADV,өөдән,gorantz
871,hinauf::ADV,деер,gora
872,hinauf::ADV,деер,gorantz
873,überall::ADV,альд болв чигн,edonon
874,nicht::ADV,эс,ez
875,nicht::ADV,биш,ez
876,nicht::ADV,бичә,ez
877,ein wenig::ADV,баахн,apur bat
878,ein wenig::ADV,баахн,pixka bat
879,ein wenig::ADV,баахнар,apur bat
880,ein wenig::ADV,баахнар,pixka bat
881,kaum::ADV,әрә,ozta
882,kaum::ADV,әрә,nekez
883,sehr::ADV,йир,oso
884,so::ADV,иигҗ,hala
885,so::ADV,иигҗ,honela
886,noch::ADV,ода чигн,oraindik
887,nur::ADV,һанцхн,bakarrik
888,schon::ADV,одх,ja
889,schon::ADV,одх,jada
890,wieder::ADV,бас,berriro
891,vergebens::ADV,киидән,alferrik
892,vor::PRP,урд,aurrean
893,hinter::PRP,ца,ostean
894,hinter::PRP,ца,gibelean
895,unter::PRP,дор,pean
896,unter::PRP,дор,azpian
897,durch::PRP,ивт,zehar
898,durch::PRP,дундаһур,zehar
899,neben::PRP,хаҗуд,ondoan
900,neben::PRP,хаҗуд,aldamenean
901,zwischen::PRP,хоорнд,artean
902,wegen::PRP,көлтә,-gatik
903,wegen::PRP,деерәс,-gatik
904,dies::PRN,эн,hau
905,das::PRN,тер,hura
906,alles::PRN,цуһар,dena
907,ich::PRN,би,ni
908,du::PRN,чи,zu
909,er::PRN,тер,bera
910,wir::PRN,мадн,gu
911,ihr::PRN,та,zuek
912,sie::PRN,тедн,berak
913,was::FPRN,юн,zer
914,wer::FPRN,кен,nor
915,wo::FADV,хама,non
916,wohin::FADV,хамаран,nora
917,wie::FADV,яһҗ,nola
918,wie::FADV,яһҗ,zelan
919,wie::FADV,яһад,nola
920,wie::FADV,яһад,zelan
921,warum::FADV,юңгад,zeren
922,warum::FADV,юңгад,zergatik
923,wieviel::FNUM,кедү,zenbat
924,eins::NUM,негн,bat
925,zwei::NUM,хойр,bi
926,zwei::NUM,хойр,biga
927,drei::NUM,һурвн,hiru
928,vier::NUM,дөрвн,lau
929,fünf::NUM,тавн,bost
930,sechs::NUM,зурһан,sei
931,sieben::NUM,долан,zazpi
932,acht::NUM,нәәмн,zortzi
933,neun::NUM,йисн,bederatzi
934,zehn::NUM,арвн,hamar
935,elf::NUM,арвн негн,hamaika
936,zwölf::NUM,арвн хойр,hamabi
937,zwanzig::NUM,хөрн,hogei
938,dreißig::NUM,һучн,hogeita hamar
939,vierzig::NUM,дөчн,berrogei
940,fünfzig::NUM,тәвн,berrogeita hamar
941,sechzig::NUM,җирн,hirurogei
942,siebzig::NUM,далн,hirurogeita hamar
943,achtzig::NUM,найн,laurogei
944,neunzig::NUM,йирн,laurogeita hamar
945,hundert::NUM,зун,ehun
946,tausend::NUM,миңһн,mila
947,und::CNJ,болн,eta
948,oder::CNJ,эс гиҗ,edo
949,oder::CNJ,эс гихлә,edo
950,stehen::V,зогсх,zutik egon
951,sitzen::V,суух,eserita egon
952,liegen::V,кевтх,etzan
953,hängen::V,өлгәтә бәәх,eskegita egon
954,hängen::V,өлгәтә бәәх,zintzilik egon
955,werden::V,болх,bihurtu
956,werden::V,болх,bilakatu
957,passieren::V,болх,pasatu
958,passieren::V,болх,gertatu
959,beginnen::V,эклх,hasi
960,enden::V,төгсх,bukatu
961,wechseln::V,хүврх,aldatu
962,aufgehen[Sonne]::V,һарх,ilki
963,aufgehen[Sonne]::V,һарх,sortu
964,untergehen[Sonne]::V,орх,sartu
965,untergehen[Sonne]::V,сүүрлх,sartu
966,scheinen[Sonne]::V,герлтх,eguzkia egon
967,donnern::V,күрҗңнх,trumoia jo
968,wehen::V,сальклх,haizea ibili
969,strömen::V,һооҗх,zorrotadaka isuri
970,fließen::V,урсх,isuri
971,sich drehen::V,эргх,biratu
972,schwanken::V,дәәвлх,zabuka ibili
973,schwingen::V,нәәхлх,kulunkatu
974,fallen::V,унх,erori
975,fallen::V,киисх,erori
976,brennen::V,шатх,sutan egon
977,rauchen::V,ута һарһх,kea bota
978,regnen::V,орх,euria ari izan
979,gefrieren::V,мөстх,izoztu
980,gefrieren::V,мөстх,hormatu
981,tauen::V,хәәлх,gesaldu
982,schmelzen::V,хәәлх,urtu
983,schmelzen::V,хәәлгдх,urtu
984,trocknen::V,эврх,idortu
985,trocknen::V,эврх,lehortu
986,sieden::V,буслх,irakin
987,faulen::V,үмкәрх,hirotu
988,faulen::V,үмкәрх,usteldu
989,verfaulen::V,илҗрх,hirotu
990,verfaulen::V,илҗрх,usteldu
991,reißen::V,тасрх,eten
992,reißen::V,тасрх,tarrat egin
993,versinken::V,чивх,urperatu
994,vergehen::V,болх,iragan
995,erscheinen::V,һарх,agertu
996,verschwinden::V,уга болх,desagertu
997,sinken::V,татгдх,beheititu
998,abnehmen::V,хасгдх,gutxitu
999,abnehmen::V,хасгдх,beheratu
1000,zunehmen::V,өсх,gora egin
1001,steigen::V,немх,igo
1002,wachsen::V,өсх,hazi
1003,wachsen::V,урһх,hazi
1004,glänzen::V,гилвкх,distiratu
1005,funkeln::V,цәклх,izarniatu
1006,lärmen::V,шууглдх,zarata atera
1007,läuten::V,хоңх,jo
1008,läuten::V,хоңх,hots egin
1009,klingeln::V,җиңнулх,txirrina jo
1010,klirren::V,җиңнх,tintin egin
1011,brausen::V,догшрхх,marru egin
1012,rauschen::V,сарҗңнх,fir-fir egin
1013,klingen::V,ә һарх,soinu egin
1014,bellen::V,хуцх,zaunkatu
1015,heulen::V,уульх,ulu egin
1016,heulen::V,уульх,uhuri egin
1017,blasen::V,үләх,ufa egin
1018,blasen::V,үләх,putz egin
1019,pfeifen::V,ишкрх,txistu egin
1020,schreien::V,хәәкрх,oihu egin
1021,schreien::V,хәәкрх,garrasi egin
1022,stöhnen::V,түңшх,intziri egin
1023,zittern::V,дагҗннх,ikara egin
1024,zittern::V,дагҗннх,dar-dar egin
1025,leben::V,бәәх,bizi izan
1026,geboren werden::V,төрх,jaio
1027,atmen::V,әмсхлх,hats egin
1028,atmen::V,әмсхлх,arnasa egin
1029,trinken::V,уух,edan
1030,essen::V,идх,jan
1031,schlucken::V,зальгх,irentsi
1032,müde werden::V,көшх,unatu
1033,müde werden::V,көшх,nekatu
1034,einschlafen::V,унтх,lokartu
1035,schlafen::V,нөөрсх,lo egin
1036,aufwachen::V,серх,esnatu
1037,aufwachen::V,серх,atzarri
1038,aufstehen::V,босх,jaiki
1039,sich erholen::V,амрх,atseden egin
1040,krank werden::V,гемтх,gaixotu
1041,krank sein::V,шалтглх,eri izan
1042,krank sein::V,шалтглх,gaixo izan
1043,schmerzen::V,өвдх,min egin
1044,husten::V,ханях,eztul egin
1045,genesen::V,эдгх,osatu
1046,sterben::V,үкх,hil
1047,sterben::V,үкх,zendu
1048,sterben::V,өңгрх,hil
1049,sterben::V,өңгрх,zendu
1050,umkommen::V,үкх,istripuz hil
1051,sich bewegen::V,көдлх,higitu
1052,sich bewegen::V,көндрх,higitu
1053,sich rühren::V,көндрх,zirkin egin
1054,sich erheben::V,босх,zutitu
1055,sich erheben::V,босх,altxatu
1056,sich setzen::V,суух,eseri
1057,sich setzen::V,суух,jesarri
1058,hinfallen::V,унх,erori
1059,hinfallen::V,киисх,erori
1060,laufen::V,йовх,ibili
1061,schreiten::V,алхх,oinkatu
1062,spazierengehen::V,сергҗ йовх,paseatu
1063,spazierengehen::V,сергҗ йовх,ostera bat egin
1064,eilen::V,шулудх,lasterkatu
1065,sich beeilen::V,адһх,lehiatu
1066,sich beeilen::V,шамдх,lehiatu
1067,sausen::V,хурдлх,ziztu bizian joan
1068,sausen::V,йир_хурдар_гүүх,ziztu bizian joan
1069,sausen::V,йир_хурдар_йовх,ziztu bizian joan
1070,rennen::V,гүүх,lasterka egin
1071,springen::V,һәрәдх,jauzi egin
1072,klettern::V,давшх,igo
1073,schaukeln::V,дүүдңндх,zabu egin
1074,schaukeln::V,дүүдңндх,zanbulu egin
1075,kriechen::V,мөлкх,narras egin
1076,schwimmen::V,усчх,igerikatu
1077,schwimmen::V,усчх,igeri egin
1078,tauchen::V,булхх,murgildu
1079,tauchen::V,булхх,pulunpatu
1080,rudern::V,хәәвдх,bogatu
1081,rudern::V,хәәвдх,arraun egin
1082,fahren::V,йовх,joan
1083,fliegen::V,нисх,hegaldatu
1084,fliegen::V,нисх,hegan egin
1085,gehen::V,йовх,joan
1086,weggehen::V,йовх,alde egin
1087,weggehen::V,одх,alde egin
1088,weggehen::V,һарх,alde egin
1089,weggehen::V,мөрлх,alde egin
1090,abfahren::V,мордх,abiatu
1091,anhalten::V,зогсх,geratu
1092,anhalten::V,зогсх,gelditu
1093,hineingehen::V,орх,sartu
1094,eintreten::V,орх,sartu
1095,kommen::V,ирх,etorri
1096,ankommen::V,ирх,heldu
1097,ankommen::V,ирх,iritsi
1098,zurückkommen::V,орх,itzuli
1099,bleiben::V,бәәх,gelditu
1100,warten::V,күләх,itxaron
1101,warten::V,күләх,zain egon
1102,erwarten::V,күләх,iguriki
1103,suchen::V,хәәх,bilatu
1104,finden::V,олх,idoro
1105,finden::V,олх,aurkitu
1106,versuchen::V,седх,saiatu
1107,versuchen::V,седх,ahalegindu
1108,vorbereiten::V,белдх,gertatu
1109,lieben::V,дурлх,maitatu
1110,lieben::V,дурлх,maite izan
1111,mögen::V,таассгдх,laket izan
1112,mögen::V,таассгдх,atsegin izan
1113,lachen::V,инәх,irri egin
1114,lachen::V,инәх,barre egin
1115,rühren::V,уйрах,hunkitu
1116,weinen::V,уульх,negar egin
1117,schimpfen::V,харах,erneguka ari izan
1118,sich ärgern::V,уурлх,ernegatu
1119,sich ärgern::V,уурлх,haserretu
1120,sich fürchten::V,әәх,beldur izan
1121,fürchten::V,әәх,beldur izan
1122,fürchten::V,сүрдх,beldur izan
1123,fliehen::V,зулх,ihes egin
1124,flüchten::V,орһх,ihes egin
1125,flüchten::V,зулх,ihes egin
1126,sehen::V,үзх,ikusi
1127,anschauen::V,харх,begietsi
1128,ansehen::V,хәләх,begiratu
1129,ansehen::V,үзх,begiratu
1130,hören::V,соңсх,aditu
1131,zuhören::V,соңсх,entzun
1132,probieren::V,амсх,dastatu
1133,riechen::V,үнрчлх,usnatu
1134,riechen::V,үнрчлх,usaindu
1135,fühlen::V,медх,sentitu
1136,scheinen::V,болҗ медгдх,iruditu
1137,scheinen::V,болҗ медгдх,begitandu
1138,scheinen::V,миниһәр болхла,iruditu
1139,scheinen::V,миниһәр болхла,begitandu
1140,scheinen::V,болад бәәх,iruditu
1141,scheinen::V,болад бәәх,begitandu
1142,zu sehen sein::V,үзгдх,azaldu
1143,vernehmen::V,соңсх,aditu
1144,frieren::V,даарх,hotz izan
1145,tun::V,кех,egin
1146,können::V,чадх,ahal izan
1147,wollen::V,дурлх,nahi izan
1148,anfangen::V,эклх,hasi
1149,beenden::V,дуусх,bukatu
1150,aufhören::V,уурх,utzi
1151,gelingen::V,бүтх,lortu
1152,gelingen::V,күцәх,lortu
1153,geraten::V,болх,heldu
1154,öffnen::V,секх,ireki
1155,öffnen::V,секх,zabaldu
1156,schließen::V,хаах,itxi
1157,stellen::V,тәвх,ipini
1158,setzen::V,суулһх,jesarri
1159,legen::V,тәвх,jarri
1160,berühren::V,көндәх,ukitu
1161,verbinden::V,боох,uztartu
1162,bedecken::V,хучх,estali
1163,bedecken::V,бүркх,estali
1164,aufhängen::V,өлгх,eseki
1165,aufhängen::V,өлгх,eskegi
1166,anzünden::V,асах,piztu
1167,anzünden::V,шатах,piztu
1168,aufheben::V,өөдән өргх,jaso
1169,zurücklassen::V,үлдәх,atzean utzi
1170,verlieren::V,геех,galdu
1171,fallen lassen::V,алдх,erortzen utzi
1172,machen::V,кех,egin
1173,herstellen::V,кех,ekoiztu
1174,bauen::V,тосхх,eraiki
1175,reparieren::V,ясх,konpondu
1176,verbessern::V,сәәрүлх,hobetu
1177,ändern::V,хүврәх,mudatu
1178,graben::V,малтх,aitzurtu
1179,beugen::V,нуһлх,makurtu
1180,biegen::V,матилһх,malgutu
1181,biegen::V,матилһх,makolatu
1182,drehen::V,эргүлх,jiratu
1183,wenden::V,көмрх,bihurtu
1184,wenden::V,эргүлх,bihurtu
1185,umdrehen::V,эргүлх,biratu
1186,umdrehen::V,эргүлх,alderantzikatu
1187,heben::V,өргх,jaso
1188,heben::V,өргх,goratu
1189,heben::V,деер өргх,jaso
1190,heben::V,деер өргх,goratu
1191,hochheben::V,өргх,goratu
1192,hochheben::V,өргх,altxatu
1193,ergreifen::V,бәрх,oratu
1194,halten::V,бәрх,eutsi
1195,drücken::V,шахх,sakatu
1196,schieben::V,түлкх,bultzatu
1197,kratzen::V,мааҗх,hatz egin
1198,kratzen::V,мааҗх,hazka egin
1199,lecken::V,долах,miaztu
1200,lecken::V,долах,lamikatu
1201,beißen::V,хазх,hozka egin
1202,beißen::V,хазх,ausiki egin
1203,abreißen::V,таслх,kendu
1204,abschneiden::V,тәәрх,moztu
1205,abschneiden::V,тәәрх,pikatu
1206,binden::V,боох,lotu
1207,binden::V,боох,estekatu
1208,stecken::V,шаах,sartu
1209,stecken::V,хатхх,sartu
1210,brechen::V,хамхлх,apurtu
1211,klopfen::V,цокх,jo
1212,hauen::V,цокх,jo
1213,kleben::V,наах,itsatsi
1214,reiben::V,зүлгх,igurtzi
1215,streichen::V,наах,igurtzi
1216,streichen::V,лашх,igurtzi
1217,streichen::V,түркх,igurtzi
1218,schleifen::V,хурцлх,zorroztu
1219,schneiden::V,хәәчлх,moztu
1220,rütteln::V,дәәвлүлх,astindu
1221,rütteln::V,дәәвлүлх,inarrosi
1222,schütteln::V,сегсрх,astindu
1223,schütteln::V,сегсрх,inarrosi
1224,schwenken::V,дайлх,zabukatu
1225,schütten::V,кех,isuri
1226,füllen::V,дүүргх,bete
1227,einwickeln::V,орах,bildu
1228,tragen::V,зөөх,eroan
1229,tragen::V,зөөх,eraman
1230,schleppen::V,чирх,narrastu
1231,schleppen::V,чирх,herrestatu
1232,ziehen::V,татх,tira egin
1233,aufbewahren::V,хадһлх,gorde
1234,werfen::V,хайх,jaurti
1235,werfen::V,хайх,aurtiki
1236,fangen::V,бәрх,atzeman
1237,fangen::V,хавлх,atzeman
1238,packen::V,бәрх,heldu
1239,verstecken::V,дүрх,ostendu
1240,verstecken::V,дүрх,ezkutatu
1241,verstecken::V,бултулх,ostendu
1242,verstecken::V,бултулх,ezkutatu
1243,teilen::V,хувах,zatitu
1244,schicken::V,илгәх,bidali
1245,bringen::V,авч ирх,ekarri
1246,hinzufügen::V,немх,eratxiki
1247,hinzufügen::V,немх,gaineratu
1248,bekommen::V,авх,jaso
1249,erhalten::V,авх ,jaso
1250,nehmen::V,авх,hartu
1251,wählen::V,шүүх,hautatu
1252,wählen::V,шүүх,aukeratu
1253,auswählen::V,шүүх,hautatu
1254,auswählen::V,шүүх,aukeratu
1255,bewahren::V,хадһлх,begiratu
1256,bewahren::V,кевтнь үлдәх,begiratu
1257,bewahren::V,кевтнь бәәлһх,begiratu
1258,behindern::V,харшлх,oztopatu
1259,verderben::V,үрәх,hondatu
1260,beschädigen::V,эвдх,akastu
1261,zerbrechen::V,күүлх,apurtu
1262,zerbrechen::V,хамхлх,apurtu
1263,zerreißen::V,шуучх,zarratatu
1264,zerstören::V,эвдх,suntsitu
1265,verbrennen::V,шатах,erre
1266,verbrennen::V,шатах,kiskali
1267,geben::V,өгх,eman
1268,reichen::V,өгх,luzatu
1269,reichen::V,өгх,helarazi
1270,schenken::V,белглх,oparitu
1271,versprechen::V,амлх,agindu
1272,wünschen::V,сә хәәх,opatu
1273,wünschen::V,сә хәәх,opetsi
1274,loben::V,магтх,laudatu
1275,loben::V,магтх,goraipatu
1276,küssen::V,үмсх,musu eman
1277,wiegen::V,саатулх,kulunkatu
1278,zudecken::V,бүркх,estali
1279,wecken::V,серүлх,esnatu
1280,wecken::V,серүлх,iratzartu
1281,zeigen::V,үзүлх,erakutsi
1282,führen::V,көтлх,gidatu
1283,lehren::V,заах,irakatsi
1284,lehren::V,сурһх,irakatsi
1285,unterrichten::V,сурһх,eskolak eman
1286,unterrichten::V,багшлх,eskolak eman
1287,aufziehen::V,өскәх,hazi
1288,leiten::V,һардх,arteztu
1289,leiten::V,толһалх,arteztu
1290,antreiben::V,шамдах,bulkatu
1291,lassen::V,күч үзүлх,-arazi
1292,einladen::V,үрх,gonbidatu
1293,vereinigen::V,хамцулх,batu
1294,vereinigen::V,хамцулх,bateratu
1295,besuchen::V,одх,ikustatu
1296,treffen::V,харһх,topatu
1297,sich versammeln::V,цуглрх,bildu
1298,sich versammeln::V,хурх,bildu
1299,spielen::V,наадх,jolastu
1300,singen::V,дуулх,abestu
1301,singen::V,дуулх,kantatu
1302,tanzen::V,биилх,dantzatu
1303,tanzen::V,биилх,dantzan egin
1304,sich trennen::V,хаһцх,banandu
1305,verlassen::V,хайх,utzietsi
1306,retten::V,әм аврх,salbatu
1307,retten::V,әм аврх,gaizkatu
1308,retten::V,әәмшгәс харсх,salbatu
1309,retten::V,әәмшгәс харсх,gaizkatu
1310,bewachen::V,харх,jagon
1311,bewachen::V,харх,zaindu
1312,bewachen::V,манх,jagon
1313,bewachen::V,манх,zaindu
1314,schützen::V,харсх,babestu
1315,schützen::V,харсх,gerizatu
1316,verteidigen::V,харсх,aldeztu
1317,sich schlagen::V,гүвдлдх,elkar jo
1318,sich schlagen::V,гүвдлдх,elkar borrokatu
1319,schießen::V,хах,tiro egin
1320,siegen::V,диилх,irabazi
1321,ärgern::V,уурлулх,ernegatu
1322,ärgern::V,уурлулх,haserretu
1323,schlagen::V,цокх,jo
1324,schlagen::V,цокх,erauntsi
1325,schlagen::V,гүвдх,jo
1326,schlagen::V,гүвдх,erauntsi
1327,stechen::V,хатхх,sastatu
1328,stoßen::V,түлкчкх,bultzatu
1329,stehlen::V,хулхалх,ostu
1330,stehlen::V,хулхалх,lapurtu
1331,stören::V,һә болх,galarazi
1332,belästigen::V,амр эс өгх,gohaindu
1333,belästigen::V,амр эс өгх,alamena eman
1334,verbergen::V,нуух,ezkutatu
1335,verbergen::V,бултулх,ezkutatu
1336,täuschen::V,меклх,tronpatu
1337,täuschen::V,меклх,engainatu
1338,betrügen::V,меклх,iruzurtu
1339,betrügen::V,мек һарһх,iruzurtu
1340,töten::V,алх,hil
1341,töten::V,алх,heriotza eman
1342,wohnen::V,бәәх,bizi izan
1343,arbeiten::V,көдлх,lan egin
1344,arbeiten::V,көдлх,behar egin
1345,sammeln::V,түүх,bildu
1346,sammeln::V,түүх,bildumatu
1347,pflücken::V,түүх,batu
1348,pflücken::V,түүх,bildu
1349,pflücken::V,хурах,batu
1350,pflücken::V,хурах,bildu
1351,jagen::V,аңнх,ehizatu
1352,jagen::V,аңһучлх,ehizatu
1353,fischen::V,заһс аңнх,arrantzatu
1354,fischen::V,заһс аңнх,arrantza egin
1355,fassen::V,бәрх,harrapatu
1356,hüten::V,хәрүлх,begiratu
1357,treiben::V,туух,bultza egin
1358,anbinden::V,уйх,estekatu
1359,füttern::V,теҗәх,bazkatu
1360,melken::V,саах,jetzi
1361,hacken::V,чавчх,xehatu
1362,gießen::V,услх,isuri
1363,reifen::V,болх,heldu
1364,reifen::V,болх,zoritu
1365,reifen::V,болвсрх,heldu
1366,reifen::V,болвсрх,zoritu
1367,zubereiten::V,белдх,prestatu
1368,kochen::V,чанх,egosi
1369,kochen::V,болһх,egosi
1370,backen::V,болһх,labean egin
1371,braten::V,хуурх,erregosi
1372,umrühren::V,самрх,eragin
1373,stricken::V,өлгх,trikotatu
1374,stricken::V,өлгх,puntu egin
1375,nähen::V,уйх,josi
1376,färben::V,будх,tindatu
1377,reinigen::V,цеврлх,ikuzi
1378,reinigen::V,цеврлх,garbitu
1379,waschen::V,уһах,xahutu
1380,waschen::V,уһах,garbitu
1381,abwischen::V,арчх,xukatu
1382,spülen::V,зәәлх,irakutzi
1383,fegen::V,сәвүрдх,erraztatu
1384,kehren::V,сәвүрдх,isastu
1385,baden::V,өөмх,bainatu
1386,baden::V,өөмх,bainua hartu
1387,sich waschen::V,уһах,burua garbitu
1388,sich waschen::V,бийән уһаҗ,burua garbitu
1389,ausziehen::V,тәәлх,erantzi
1390,anziehen::V,өмсх,jantzi
1391,sich anziehen::V,хувцлх,jantzi
1392,kämmen::V,самлх,orraztu
1393,schmücken::V,чимх,apaindu
1394,schmücken::V,кеерүлх,apaindu
1395,sagen::V,келх,esan
1396,sprechen::V,келх,mintzatu
1397,sprechen::V,келх,hitz egin
1398,reden::V,күүндх,hitz egin
1399,reden::V,күр_кех,hitz egin
1400,sich unterhalten::V,күүндх,solastu
1401,sich unterhalten::V,күүндх,solas egin
1402,fragen::V,сурх,galdetu
1403,bitten::V,эрх,eskatu
1404,bitten::V,эрх,galdegin
1405,erzählen::V,келх,edestu
1406,erzählen::V,келх,kontatu
1407,erzählen::V,келҗ өгх,edestu
1408,erzählen::V,келҗ өгх,kontatu
1409,mitteilen::V,медүлх,jakinarazi
1410,nennen::V,нерәдх,izena eman
1411,nennen::V,нер өгх,izena eman
1412,rufen::V,дуудх,dei egin
1413,prahlen::V,көөрх,harrokerian ibili
1414,prahlen::V,көөрх,ahoberokeriak esan
1415,übersetzen::V,орчулх,itzuli
1416,denken::V,санх,pentsatu
1417,denken::V,санх,gogoeta egin
1418,glauben::V,шүтх,sinetsi
1419,glauben::V,нәәлх,sinetsi
1420,bemerken::V,темдглх,ohartu
1421,bemerken::V,темдглх,konturatu
1422,erkennen::V,таньх,ezagutu
1423,erkennen::V,таньх,antzeman
1424,erkennen::V,медх,ezagutu
1425,erkennen::V,медх,antzeman
1426,begreifen::V,медх,ulertu
1427,verstehen::V,соңсх,aditu
1428,lernen::V,сурх,ikasi
1429,wissen::V,медх,jakin
1430,sich erinnern an::V,санх,gogoratu
1431,sich erinnern an::V,санх,gogoan izan
1432,vergessen::V,мартх,ahaztu
1433,vergessen::V,мартх,ahantzi
1434,messen::V,кемҗәлх,neurtu
1435,zählen::V,тоолх,zenbatu
1436,zählen::V,тоолх,kopuratu
1437,rechnen::V,тоолх,kalkulatu
1438,lesen::V,умшх,irakurri
1439,malen::V,зурх,margotu
1440,zeichnen::V,зурх,marraztu
1441,schreiben::V,бичх,idatzi
1442,besitzen::V,эзлх,ukan
1443,besitzen::V,эзлх,eduki
1444,kaufen::V,хулдҗ авх,erosi
1445,verkaufen::V,хулдх,saldu
1446,verkaufen::V,гүүлгх,saldu
1447,bezahlen::V,өгх,ordaindu
1448,zahlen::V,өгх,ordaindu
1449,beherrschen::V,эзлх,menpean izan
1450,ertragen::V,даах,jasan
1451,ertragen::V,даах,pairatu
1452,treten::V,,zapaldu
1453,treten::V,,ostiaktu
