,Concept_ID,mhr,tt
0,Auge::N,шинча́,күз
1,Ohr::N,пы́лыш,колак
2,Nase::N,нер,борын
3,Mund::N,умша́,авыз
4,Mund::N,умша́,тамак
5,Zahn::N,пӱй,теш
6,Zunge::N,йы́лме,тел
7,Lippe::N,тӱ́рвӧ,ирен
8,Wange::N,шӱ́ргӧ,яңак
9,Gesicht::N,чури́й,йөз
10,Stirn::N,саҥга́,маңгай
11,Haar::N,ӱп,чәч
12,Schnurrbart::N,ӧ́рыш,мыек
13,Bart::N,понда́ш,сакал
14,Kinn::N,оҥыла́ш,ияк
15,Kiefer[Anatomie]::N,пӱйдӱ́ҥ,казналык
16,Kiefer[Anatomie]::N,пӱйората́,казналык
17,Kehle::N,лога́р,тамак
18,Hals::N,шӱй,бугаз
19,Genick::N,шӱйло́дыш,җилкә
20,Kopf::N,вуй,баш
21,Rücken::N,туп,сырт
22,Bauch::N,мӱ́шкыр,корсак
23,Nabel::N,кы́лымде,кендек
24,Busen::N,чы́зе,түш
25,Brust::N,оҥ,имчәк
26,Brust::N,оҥ,күкрәк
27,Schulter::N,ва́че,иңбаш
28,Schulter::N,ва́че,кулбаш
29,Arm::N,кид,кул
30,Ellenbogen::N,кынерву́й,терсәк
31,Hand::N,кид,кул
32,Hand::N,копа́,кул
33,Handfläche::N,со́во,уч
34,Finger::N,парня́,бармак
35,Fingernagel::N,кидкӱ́ч,тырнак
36,Fingernagel::N,парнягӱ́ч,тырнак
37,Nagel[Anatomie]::N,кӱч,тырнак
38,Zeh::N,йолварня́,бармак
39,Fuß::N,йол,табан
40,Fuß::N,йолкопа́,табан
41,Ferse::N,тага́н,үкчә
42,Knie::N,пулву́й,тез
43,Oberschenkel::N,э́рде,бот
44,Bein::N,йол,аяк
45,Körper::N,кап,тән
46,Körper::N,кап,җисем
47,Haut::N,кова́ште,тире
48,Blut::N,вӱр,кан
49,Ader::N,шӧн,тамыр
50,Sehne::N,шӧн,сеңер
51,Sehne::N,кӱсе́н,сеңер
52,Knochen::N,лу,сөяк
53,Gehirn::N,вем,ми
54,Gehirn::N,вуйве́м,ми
55,Herz::N,шӱм,йөрәк
56,Magen::N,пага́р,ашказаны
57,Leber::N,мокш,бавыр
58,Atem::N,шӱ́лыш,сулыш
59,Hunger::N,шужыма́ш,ачлык
60,Träne::N,шинчавӱ́д,яшь
61,Geschmack::N,там,тәм
62,Geschmack::N,там,зәвык
63,Geruch::N,пуш,ис
64,Schlaf::N,о́мо,йокы
65,Traum::N,йӱдо́мо,төш
66,Himmel::N,кава́,күк
67,Sonne::N,ке́че,кояш
68,Mond::N,ты́лзе,ай
69,Stern::N,шӱ́дыр,йолдыз
70,Luft::N,юж,һава
71,Wind::N,марде́ж,җил
72,Welle::N,то́лкын,дулкын
73,Wasser::N,вӱд,су
74,Stein::N,кӱ,таш
75,Boden::N,рок,туфрак
76,Erde::N,мла́нде,җир
77,Staub::N,пура́к,тузан
78,Rauch::N,шикш,төтен
79,Funke::N,сеске́м,очкын
80,Funke::N,тулйы́п,очкын
81,Feuer::N,тул,ут
82,Licht::N,со́то,якты
83,Schatten::N,ӱ́мыл,күләгә
84,Wetter::N,иге́че,һава
85,Nebel::N,тӱтыра́,томан
86,Wolke::N,пыл,болыт
87,Regen::N,йӱр,яңгыр
88,Schnee::N,лум,кар
89,Eis::N,ий,боз
90,Frost::N,чатлама́,суык
91,Frost::N,чатлама́,салкын
92,Kälte::N,йӱ́штӧ,суык
93,Kälte::N,йӱ́штӧ,салкын
94,Hitze::N,шо́кшо,эсселек
95,Raureif::N,пӧрш,бәс
96,Raureif::N,пӧрш,сыкы
97,Raureif::N,по́кшым,бәс
98,Raureif::N,по́кшым,сыкы
99,Regenbogen::N,шонанпы́л,салават күпере
100,Donner::N,кӱ́дырчӧ,күкрәү
101,Strömung::N,йо́гын,агыш'агым
102,Tropfen::N,чӱча́лтыш,тамчы
103,Schaum::N,шоҥ,күбек
104,Schmutz::N,лавыра́,пычрак
105,See::N,ер,күл
106,Sumpf::N,лӱ́кӧ,саз
107,Moor::N,куп,торфлык
108,Wiese::N,о́лык,болын
109,Wald::N,чодыра́,урман
110,Hügel::N,арка́,калку
111,Anhöhe::N,тӧва́,үр
112,Anhöhe::N,кӱкшака́,үр
113,Berg::N,ку́рык,тау
114,Gipfel::N,чаҥга́,оч
115,Gipfel::N,курыкву́й,оч
116,Höhle::N,пеще́р,мәгарә
117,Höhle::N,курыкпо́мыш,мәгарә
118,Abhang::N,та́йыл,кабырга
119,Quelle::N,важ,чишмә
120,Quelle::N,вӱдшинча́,чишмә
121,Bach::N,изэҥе́р,елга
122,Fluss::N,эҥе́р,дәрья
123,Ufer::N,сер,су кырые
124,Küste::N,вӱдтӱ́р,яр буе
125,Festland::N,мла́нде,коры җир
126,Meer::N,те́ҥыз,диңгез
127,Bucht::N,икса́,бухта
128,Bucht::N,икса́,култык
129,Insel::N,отро́,атау
130,Insel::N,отро́,утрау
131,Blume::N,пеле́дыш,чәчкә
132,Gras::N,шу́до,үлән
133,Wurzel::N,вож,тамыр
134,Baum::N,пуше́ҥге,агач
135,Stamm::N,йы́тыр,кәүсә
136,Rinde::N,шӱм,кабык
137,Ast::N,укш,ботак
138,Zweig::N,торма́к,ботак
139,Zweig::N,торма́к,тармак
140,Blatt::N,лышта́ш,яфрак
141,Birke::N,куэ́,каен
142,Kiefer[Baum]::N,пӱ́нчӧ,нарат
143,Weide[Baum]::N,уа́,тал
144,Tanne::N,кож,чыршы
145,Horn::N,шур,мөгез
146,Feder::N,пы́стыл,йон
147,Fell::N,кова́ште,тире
148,Flügel::N,шу́лдыр,канат
149,Klaue::N,кӱч,тырнак
150,Kralle::N,ла́па,тырнак
151,Kralle::N,копа́,тырнак
152,Schwanz::N,поч,койрык
153,Ei::N,му́но,күкәй
154,Ei::N,му́но,йомырка
155,Nest::N,пыжа́ш,оя
156,Bau::N,пыжа́ш,өн
157,Tier::N,я́нлык,хайван
158,Tier::N,живо́тный,хайван
159,Herde::N,кӱ́тӱ,көтү
160,Herde::N,тӱшка́,көтү
161,Kuh::N,ушка́л,сыер
162,Bulle::N,ӱ́шкыж,үгез
163,Pferd::N,и́мне,ат
164,Schaf::N,шо́рык,сарык
165,Schwein::N,сӧсна́,дуңгыз
166,Hund::N,пий,эт
167,Katze::N,пы́рыс,песи
168,Bär::N,маска́,аю
169,Eichhörnchen::N,ур,тиен
170,Elch::N,шо́рдо,поши
171,Fuchs::N,ры́выж,төлке
172,Hase::N,мера́ҥ,куян
173,Maus::N,коля́,тычкан
174,Wolf::N,пи́ре,бүре
175,Vogel::N,ка́йык,кош
176,Schwarm::N,каша́к,көтү
177,Huhn::N,чы́ве,тавык
178,Hahn::N,агыта́н,әтәч
179,Gans::N,ко́мбо,каз
180,Adler::N,карагу́ш,каракош
181,Ente::N,лу́до,үрдәк
182,Eule::N,тумна́,ябалак
183,Kranich::N,турня́,торна
184,Krähe::N,кора́к,карга
185,Kuckuck::N,куку́,күке
186,Kuckuck::N,куку́,кәккүк
187,Schwan::N,йӱ́ксӧ,аккош
188,Fisch::N,кол,балык
189,Barsch::N,ола́ҥге,алабуга
190,Hecht::N,нуж,чуртан
191,Hecht::N,чорта́н,чуртан
192,Schlange[Tier]::N,ки́шке,елан
193,Wurm::N,шукш,корт
194,Spinne::N,эҥыре́мыш,үрмәкүч
195,Ameise::N,ку́тко,кырмыска
196,Laus::N,тий,бет
197,Mücke::N,шыҥа́,черки
198,Mücke::N,шыҥа́,озынборын
199,Fliege::N,ка́рме,чебен
200,Schmetterling::N,лы́ве,күбәләк
201,Beere::N,мӧр,җиләк
202,Apfel::N,олма́,алма
203,Pilz::N,по́ҥго,гөмбә
204,Zwiebel::N,шога́н,суган
205,Zwiebel::N,шога́н,суганбаш
206,Saat::N,нӧ́шмӧ,орлык
207,Saat::N,туш,орлык
208,Korn::N,шу́рно,иген
209,Korn::N,шу́рно,орлык
210,Heu::N,шу́до,печән
211,Schale::N,шӱм,кабык
212,Grube::N,выне́м,баз
213,Grube::N,выне́м,чокыр
214,Falle::N,лӧ́дӧ,тозак
215,Falle::N,лӧ́дӧ,капкын
216,Schlinge::N,о́птыш,элмәк
217,Schlinge::N,шӧрга́лтыш,элмәк
218,Spur::N,кыша́,эз
219,Asche::N,ло́мыж,көл
220,Dreck::N,лавыра́,пычрак
221,Eisen::N,кӱ́ртньӧ,тимер
222,Gold::N,шӧ́ртньӧ,алтын
223,Silber::N,ший,көмеш
224,Kohle::N,мландышӱ́й,күмер
225,Glas::N,янда́,пыяла
226,Lehm::N,шун,балчык
227,Sand::N,ошма́,ком
228,Mensch::N,еҥ,адәм
229,Mensch::N,еҥ,инсан
230,Mensch::N,айде́ме,адәм
231,Mensch::N,айде́ме,инсан
232,Mann::N,пӧръе́ҥ,ир
233,Frau::N,ӱдырама́ш,хатын
234,Kind::N,аза́,бала
235,Junge::N,рве́зе,малай
236,Mädchen::N,ӱдыра́ш,кыз
237,Familie::N,еш,гаилә
238,Großvater::N,коча́,бабай
239,Großmutter::N,кова́,әби
240,Eltern::N,ача́-ава́,ата-ана
241,Vater::N,ача́,ата
242,Mutter::N,ава́,ана
243,Sohn::N,э́рге,ул
244,Tochter::N,ӱ́дыр,кыз
245,Bruder::N,иза́,кардәш
246,Bruder::N,шо́льо,кардәш
247,Schwester::N,ака́,апа
248,Schwester::N,ака́,сеңел
249,Onkel::N,иза́,дәдә
250,Onkel::N,иза́,дәдәй
251,Tante::N,кока́,түти
252,Tante::N,кока́,тәтәй
253,Ehemann::N,мари́й,ир
254,Ehefrau::N,ва́те,хатын
255,Freude::N,куа́н,сөенеч
256,Freude::N,куаныма́ш,сөенеч
257,Gelächter::N,во́штылтыш,көлү
258,Gelächter::N,во́штылтыш,көлеш
259,Glück::N,пиа́л,бәхет
260,Kummer::N,о́йго,хәсрәт
261,Wunsch::N,ку́мыл,теләк
262,Lust::N,ку́мыл,теләк
263,Lust::N,ку́мыл,теләү
264,Geist::N,ӧрт,рух
265,Geist::N,чон,рух
266,Gedanke::N,ой,уй
267,Gedanke::N,ой,фикер
268,Gedanke::N,шоныма́ш,уй
269,Gedanke::N,шоныма́ш,фикер
270,Gedächtnis::N,шарныма́ш,хәтер
271,Verstand::N,уш,акыл
272,Sinn::N,смысл,мәгънә
273,Grund::N,ама́л,сәбәп
274,Wahrheit::N,чын,хак
275,Gespräch::N,мутланыма́ш,әңгәмә
276,Märchen::N,йома́к,әкият
277,Erzählung::N,ойлыма́ш,хикәя
278,Nachricht::N,увертарыма́ш,хәбәр
279,Neuigkeit::N,уве́р,яңалык
280,Name::N,лӱм,исем
281,Rätsel::N,ту́што,табышмак
282,Rede::N,ойлыма́ш,нотык
283,Sprache::N,йы́лме,тел
284,Stimme::N,йӱк,тавыш
285,Wort::N,ой,сүз
286,Wort::N,мут,сүз
287,Zeichen::N,ти́ште,ишарә
288,Zeichen::N,знак,ишарә
289,Ruf::N,ӱжма́ш,дәшү
290,Lärm::N,лӱшкыма́ш,шау
291,Lärm::N,йӱк-йӱа́н,шау
292,Laut::N,йӱк,аваз
293,Ton::N,йӱксе́м,шалтырату
294,Lied::N,му́ро,җыр
295,Ruhe::N,ты́мык,тынлык
296,Leute::N,еҥ-влак,халык
297,Volk::N,ка́лык,халык
298,Arbeit::N,паша́,эш
299,Arbeit::N,паша́,хезмәт
300,Gast::N,уна́,кунак
301,Geschenk::N,пӧле́к,бүләк
302,Spiel::N,мо́дыш,уен
303,Spiel::N,модма́ш,уен
304,Gesellschaft::N,тӱшка́,җәмгыять
305,Hilfe::N,по́лыш,ярдәм
306,Hilfe::N,по́лыш,булышлык
307,Freund::N,таҥ,дус
308,Freund::N,йолта́ш,дус
309,Kamerad::N,таҥ,иптәш
310,Angelegenheit::N,паша́,эш
311,Anzahl::N,чот,микъдар
312,Art::N,вид,төр
313,Stück::N,ка́тыш,кисәк
314,Stück::N,ла́стык,кисәк
315,Teil::N,ужа́ш,өлеш
316,Hälfte::N,пел,ярым
317,Hälfte::N,пе́ле,ярым
318,Kreis::N,ты́ртыш,түгәрәк
319,Kreuz::N,ыре́с,хач
320,Kreuz::N,ыре́с,тәре
321,Linie::N,ли́ний,сызык
322,Strich::N,коре́ш,сызык
323,Abstand::N,кокла́,ара
324,Entfernung::N,тора́,ераклык
325,Entfernung::N,ку́жыт,ераклык
326,Gegend::N,кунде́м,урын
327,Platz::N,ку́мдык,бушлык
328,Ort::N,вер,урын
329,Ort::N,о́лмо,урын
330,Seite::N,ӧ́рдыж,як
331,Mitte::N,покше́л,урта
332,Gegenstand::N,наста́,нәрсә
333,Sache::N,наста́,нәрсә
334,Rand::N,тӱр,чит
335,Kante::N,тӱр,кырый
336,Ecke::N,лук,почмак
337,Spitze::N,вуй,оч
338,Ende::N,муча́ш,азак
339,Loch::N,рож,тишек
340,Winkel::N,лук,почмак
341,Muster::N,пеза́к,парча
342,Muster::N,узо́р,парча
343,Muster::N,ӱ́лгӧ,парча
344,Größe::N,кӱ́кшыт,зурлык
345,Länge::N,ку́тыш,озынлык
346,Höhe::N,кӱ́кшыт,биеклек
347,Gewicht::N,не́лыт,авырлык
348,Menge::N,чот,микъдар
349,Haufen::N,кы́шыл,өем
350,Reihe::N,рада́м,рәт
351,Boot::N,пуш,каек
352,Boot::N,пуш,көймә
353,Ruder::N,эшка́к,ишкәк
354,Schlitten::N,тер,чана
355,Schlitten::N,изде́р,чана
356,Ski::N,е́че,чаңгы
357,Lagerfeuer::N,туло́то,костёр
358,Last::N,нӧ́лтыш,йөк
359,Gang::N,ошкылма́ш,йөреш
360,Schritt::N,о́шкыл,адым
361,Norden::N,йӱдйыма́л,төньяк
362,Süden::N,кечывалве́л,көньяк
363,Westen::N,касве́л,көнбатыш
364,Osten::N,эрве́л,шәрык
365,Osten::N,эрве́л,көнчыгыш
366,Holz::N,пу,агач
367,Brett::N,оҥа́,такта
368,Platte::N,аста́р,плитә
369,Stütze::N,чара́к,таяу
370,Stange::N,лома́ш,колга
371,Stock::N,тоя́,таяк
372,Stab::N,вара́,таяк
373,Stab::N,кашта́,таяк
374,Rohr::N,пуч,торба
375,Haus::N,пӧрт,өй
376,Haus::N,пӧрт,йорт
377,Heim::N,мӧ́ҥгӧ,гаилә
378,Heim::N,мӧ́ҥгӧ,нәсел
379,Ofen::N,комака́,мич
380,Fußboden::N,кӱва́р,идән
381,Tisch::N,ӱсте́л,өстәл
382,Stuhl::N,пӱке́н,утыргыч
383,Wiege::N,шепка́,бишек
384,Bett::N,ва́кшыш,ятак
385,Bett::N,ва́кшыш,урын-җир
386,Regal::N,шӧ́рлык,киштә
387,Regal::N,шӧ́рлык,шүрлек
388,Kiste::N,шо́ндык,әрҗә
389,Kiste::N,я́шлык,әрҗә
390,Fenster::N,окна́,тәрәзә
391,Tür::N,омса́,ишек
392,Tor::N,капка́,капка
393,Zaun::N,сава́р,койма
394,Dach::N,леве́дыш,түбә
395,Leiter::N,тошка́лтыш,баскыч
396,Besen::N,ӱштерво́штыр,себерке
397,Spaten::N,ко́льмо,көрәк
398,Schaufel::N,сово́к,көрәк
399,Schaufel::N,су́ско,көрәк
400,Gabel::N,ви́лке,чәннечке
401,Löffel::N,па́не,кашык
402,Löffel::N,совла́,кашык
403,Messer::N,кӱ́зӧ,пычак
404,Nagel::N,пуда́,кадак
405,Netz::N,вапш,челтәр
406,Haken::N,са́гыле,ыргак
407,Griff::N,кыл,тотка
408,Schloss::N,кӧгӧ́н,йозак
409,Bild::N,сӱре́т,рәсем
410,Bild::N,сӱре́т,картина
411,Figur::N,фигу́р,сын
412,Figur::N,фигу́р,фигура
413,Puppe::N,курча́к,курчак
414,Beutel::N,меша́к,луза
415,Bündel::N,арша́ш,бәйләм
416,Tasche::N,сумка́,букча
417,Eimer::N,ведра́,чиләк
418,Deckel::N,ко́мдыш,капкач
419,Geschirr::N,а́те,савыт-саба
420,Geschirr::N,а́те,кашык-аяк
421,Sack::N,куль,капчык
422,Sack::N,меша́к,капчык
423,Tasse::N,чу́кыр,чынаяк
424,Tasse::N,чашка́,чынаяк
425,Topf::N,ми́ске,чүлмәк
426,Kessel::N,под,казан
427,Essen::N,ко́чкыш,ашау
428,Nahrung::N,ку́рго,азык
429,Nahrung::N,ку́рго,тәгам
430,Nahrung::N,ку́рго,ашамлык
431,Speise::N,ко́чкыш,ризык
432,Fleisch::N,шыл,ит
433,Getreide::N,шу́рно,ашлык
434,Brei::N,пу́чымыш,ботка
435,Brot::N,ки́нде,ипи
436,Brot::N,ки́нде,икмәк
437,Scheibe::N,ка́тыш,телем
438,Fett::N,коя́,май
439,Butter::N,ӱй,май
440,Öl::N,ӱй,май
441,Salz::N,шинча́л,тоз
442,Suppe::N,шӱр,шулпа
443,Honig::N,мӱй,бал
444,Milch::N,шӧр,сөт
445,Tee::N,чай,чәй
446,Leder::N,сура́н,күн
447,Leder::N,шӱ́штӧ,күн
448,Wolle::N,пун,йон
449,Stoff::N,куэ́м,тукыма
450,Stoff::N,посто́,тукыма
451,Nadel::N,и́ме,энә
452,Faden::N,шӱ́ртӧ,җеп
453,Knopf::N,по́лдыш,төймә
454,Knoten::N,пышке́м,төен
455,Farbe::N,чия́,буяу
456,Kleidung::N,чие́м,кием
457,Kleidung::N,вурге́м,кием
458,Hemd::N,ту́выр,күлмәк
459,Kragen::N,сога́,яка
460,Ärmel::N,шокш,җиң
461,Hose::N,йола́ш,чалбар
462,Gürtel::N,ӱ́штӧ,билбау
463,Mütze::N,упш,бүрек
464,Schuh::N,боти́нке,башмак
465,Stiefel::N,кем,итек
466,Ring::N,шерга́ш,балдак
467,Band::N,тасма́,тасма
468,Band::N,ле́нте,тасма
469,Kamm::N,шерге́,тарак
470,Spiegel::N,вошто́нчыш,көзге
471,Riemen::N,кӱзанӱ́штӧ,каеш
472,Schnur::N,кере́м,бау
473,Schnur::N,кандыра́,бау
474,Leine::N,вӱра́ҥ,тезген
475,Decke::N,леве́дыш,юрган
476,Decke::N,одея́л,юрган
477,Kissen::N,кӱ́пчык,мендәр
478,Tuch::N,шо́выч,яулык
479,Handtuch::N,со́лык,сөлгә
480,Kraft::N,вий,егәр
481,Kraft::N,вий,дәрман
482,Kraft::N,куа́т,егәр
483,Kraft::N,куа́т,дәрман
484,Stärke::N,куа́т,көч
485,Stärke::N,куа́т,дәрман
486,Stärke::N,карма́н,көч
487,Stärke::N,карма́н,дәрман
488,Gesundheit::N,таза́лык,саулык
489,Krankheit::N,чер,чир
490,Krankheit::N,чер,хаста
491,Krankheit::N,чер,сырхау
492,Schmerz::N,ко́рштыш,авырту
493,Wunde::N,су́сыр,яра
494,Wunde::N,су́сыр,җәрәхәт
495,Fieber::N,йӱштыму́ж,бизгәк
496,Fieber::N,лихора́дке,бизгәк
497,Arznei::N,эм,дару
498,Brücke::N,кӱва́р,күпер
499,Brunnen::N,вӱдвыне́м,кое
500,Weide::N,нурше́р,утлавык
501,Pfad::N,йолго́рно,сукмак
502,Pfad::N,сокма́к,сукмак
503,Weg::N,ко́рно,юл
504,Straße::N,ко́рно,урам
505,Dorf::N,ял,авыл
506,Stadt::N,ола́,шәһәр
507,Brief::N,се́рыш,хат
508,Buch::N,книга́,китап
509,Buchstabe::N,буква́,хәреф
510,Zeitung::N,газе́т,газет
511,Zeitung::N,газе́т,газета
512,Leben::N,и́лыш,гомер
513,Leben::N,и́лыш,тормыш
514,Leben::N,и́лыш,тереклек
515,Tod::N,колыма́ш,үлем
516,Grab::N,шӱга́р,гүр
517,Grab::N,шӱга́р,кабер
518,Kirche::N,че́рке,чиркәү
519,Sünde::N,су́лык,язык
520,Sünde::N,су́лык,гөнаһ
521,Gott::N,ю́мо,алла
522,Gott::N,ю́мо,ходай
523,Arbeiter::N,паша́зе,эшче
524,Chef::N,тӧра́,башлык
525,Meister::N,маста́р,оста
526,Arzt::N,врач,врач
527,Arzt::N,врач,табиб
528,Lehrer::N,ту́ныктышо,укытучы
529,Lehrer::N,ту́ныктышо,мөгаллим
530,Geld::N,окса́,акча
531,Geschäft::N,сатулыма́ш,эш
532,Laden::N,ке́выт,кибет
533,Laden::N,ке́выт,магазин
534,Preis::N,ак,бәя
535,Preis::N,ак,бәһа
536,Ware::N,сату́,товар
537,Nutzen::N,пайда́,файда
538,Reichtum::N,поя́нлык,байлык
539,Welt::N,тӱня́,дөнья
540,Land::N,эл,ил
541,Staat::N,кугыжа́ныш,дәүләт
542,König::N,кугыжа́,патша
543,Macht::N,власть,хакимият
544,Grenze::N,грани́ца,чик
545,Krieg::N,сар,сугыш
546,Feind::N,тушма́н,дошман
547,Gewalt::N,виешлыма́ш,көчләү
548,Kampf::N,кредалма́ш,көрәш
549,Bogen[Waffe]::N,юҥе́ж,җәя
550,Pfeil::N,пикш,ук
551,Gewehr::N,пыча́л,мылтык
552,Fehler::N,йо́ҥылыш,хата
553,Lüge::N,шоя́к,ялган
554,Schaden::N,зия́н,зыян
555,Schaden::N,зия́н,зарар
556,Unglück::N,эҥге́к,бәла
557,Schuld::N,тита́к,гаеп
558,Schuld::N,йола́,гаеп
559,Alter::N,ийго́т,яшь
560,Schluss::N,муча́ш,ахыр
561,Zeit::N,жап,заман
562,Zeit::N,па́гыт,заман
563,Tag::N,ке́че,көн
564,Morgen::N,эр,иртә
565,Mittag::N,кечыва́л,өйлә
566,Abend::N,кас,кич
567,Nacht::N,йӱд,төн
568,Woche::N,арня́,атна
569,Monat::N,ты́лзе,ай
570,Jahr::N,ий,ел
571,Frühling::N,шо́шо,яз
572,Sommer::N,кеҥе́ж,җәй
573,Herbst::N,шы́же,көз
574,Winter::N,те́ле,кыш
575,Januar::N,шоркыйол,гыйнвар
576,Januar::N,идалыкву́й,гыйнвар
577,Januar::N,янва́рь,гыйнвар
578,Februar::N,пургыж,февраль
579,Februar::N,февра́ль,февраль
580,März::N,ӱярня,март
581,März::N,март,март
582,April::N,апре́ль,апрель
583,Mai::N,ага,май
584,Mai::N,май,май
585,Juni::N,пеледыш,июнь
586,Juni::N,ию́нь,июнь
587,Juli::N,сӱрем,июль
588,Juli::N,ию́ль,июль
589,August::N,сорла,август
590,August::N,агарма́н,август
591,August::N,а́вгуст,август
592,September::N,идым,сентябрь
593,September::N,сентя́брь,сентябрь
594,Oktober::N,шыжа,октябрь
595,Oktober::N,октя́брь,октябрь
596,November::N,кылме тылзе,ноябрь
597,November::N,ноя́брь,ноябрь
598,Dezember::N,дека́брь,декабрь
599,Montag::N,шо́чмо,дүшәмбе
600,Dienstag::N,ку́шкыжмо,сишәмбе
601,Mittwoch::N,вӱрге́че,чәршәмбе
602,Donnerstag::N,изарня́,атнакич
603,Donnerstag::N,изарня́,пәнҗешәмбе
604,Freitag::N,кугарня́,җомга
605,Samstag::N,шуматке́че,шимбә
606,Sonntag::N,рушарня́,якшәмбе
607,groß::A,кугу́,зур
608,klein::A,изи́,кечкенә
609,lang::A,кужу́,озын
610,kurz::A,кӱ́чык,кыска
611,breit::A,кумда́,киң
612,schmal::A,а́ҥысыр,кысык
613,dicht::A,ну́гыдо,куе
614,dick[Gegenstand]::A,кӱ́жгӧ,калын
615,dünn::A,ви́чкыж,нечкә
616,fein::A,ты́гыде,нәзакәтле
617,fest::A,чо́ткыдо,нык
618,flach::A,лапка́,яссы
619,flach::A,лапка́,ялпак
620,glatt::A,яклака́,шома
621,hart::A,пе́ҥгыде,каты
622,weich::A,пу́шкыдо,йомшак
623,rund::A,йырге́шке,түгәрәк
624,spitz::A,коша́р,очлы
625,scharf::A,пӱ́сӧ,үткен
626,stumpf::A,токма́к,үтмәс
627,schwer::A,не́ле,салмак
628,schön::A,сы́лне,гүзәл
629,heiß::A,шо́кшо,эссе
630,warm::A,ле́ве,җылы
631,kalt::A,йӱ́штӧ,суык
632,kalt::A,йӱ́штӧ,салкын
633,kühl::A,юа́лге,салкынча
634,kühl::A,южгата́,салкынча
635,frisch::A,свежа́,салкынча
636,feucht::A,вӱ́дыжгӧ,юеш
637,nass::A,нӧ́рӧ,дымлы
638,trocken::A,ку́кшо,коры
639,voll::A,тич,тулы
640,leer::A,яра́,буш
641,offen::A,виш,ачык
642,geschlossen::A,пе́тырыме,йомык
643,geschlossen::A,тӱ́чмӧ,йомык
644,sauber::A,ару́,пакь
645,sauber::A,ару́,чиста
646,sauber::A,янда́р,пакь
647,sauber::A,янда́р,чиста
648,schmutzig::A,лавыра́н,керле
649,schmutzig::A,лавыра́н,пычрак
650,schmutzig::A,ла́выргыше,керле
651,schmutzig::A,ла́выргыше,пычрак
652,roh::A,кӱ́чымӧ,чи
653,reif::A,лӧза́,өлгергән
654,lecker::A,ту́тло,тәмле
655,süß::A,ше́ре,татлы
656,bitter::A,ко́чо,ачы
657,sauer::A,шо́по,әче
658,hell::A,во́лгыдо,якты
659,dunkel::A,пычке́мыш,кара
660,schwarz::A,шола́,кара
661,weiß::A,ош,ак
662,rot::A,йошка́р,кызыл
663,gelb::A,сар,сары
664,blau::A,ка́нде,күк
665,grün::A,ужа́р,яшел
666,grau::A,сур,соры
667,bunt::A,олача́,чуар
668,billig::A,шу́лдо,арзан
669,teuer::A,ше́рге,хаклы
670,wertvoll::A,шергака́н,кыйммәтле
671,blind::A,со́кыр,сукыр
672,blind::A,со́кыр,күзсез
673,taub::A,соҥгыра́,чукрак
674,taub::A,соҥгыра́,саңгырау
675,kräftig::A,куа́тле,егәрле
676,stark::A,вия́н,нык
677,stark::A,вия́н,базык
678,schwach::A,а́лдыме,зәгыйфь
679,fett::A,коя́,симез
680,schlank::A,йоштката́,нәзек
681,schlank::A,яжу́,нәзек
682,hübsch::A,чеве́р,чибәр
683,böse::A,шы́де,усал
684,dumm::A,аҥыра́,акылсыз
685,faul::A,його,ялкау
686,faul::A,його,иренчәк
687,fleißig::A,ты́ршыше,тырыш
688,fleißig::A,ты́ршыше,тырышучан
689,geizig::A,чаҥга́,саран
690,klug::A,уша́н,акыллы
691,geschickt::A,уста́,маһир
692,lieb::A,ала́л,сөекле
693,lustig::A,весела́,күңелле
694,sanft::A,ны́жылге,басынкы
695,hungrig::A,шу́жышо,ач
696,krank::A,че́рле,чирле
697,krank::A,че́рле,сырхау
698,nackt::A,чарама́т,шәрә
699,traurig::A,ойга́н,ямансу
700,lebendig::A,и́лыше,тере
701,gut::A,сай,яхшы
702,schlecht::A,уда́,начар
703,schlecht::A,шӱ́кшӧ,начар
704,richtig::A,чы́нле,дөрес
705,schlimm::A,аля́к,әшәкә
706,schlimm::A,тыра́н,әшәкә
707,wahr::A,чы́нле,чып-чын
708,wahr::A,настоя́щий,чып-чын
709,alt::A,то́што,иске
710,neu::A,у,яңа
711,ehemalig::A,о́нчычсо,элекке
712,ehemalig::A,онда́кысе,элекке
713,alt[Lebewesen]::A,шо́нто,карт
714,jung::A,са́мырык,яшь
715,arm::A,нужна́,фәкыйрь
716,reich::A,поя́н,бай
717,bekannt::A,па́лыме,таныш
718,berühmt::A,лӱ́млӧ,атаклы
719,fremd::A,йот,ят
720,verschieden::A,тӱ́рлӧ,төрле
721,nah::A,ли́шыл,якын
722,fern::A,тора́,ерак
723,fern::A,мӱ́ндыр,ерак
724,linker::A,шола́,сул
725,rechter::A,пурла́,уң
726,anderer::A,вес,бүтән
727,anderer::A,мо́ло,бүтән
728,erster::A,и́кымше,беренче
729,zweiter::A,ко́кымшо,икенче
730,dritter::A,ку́мшо,өченче
731,letzter::A,пыта́ртыш,ахыргы
732,allein::ADV,шкет,ялгыз
733,auf einmal::ADV,икана́ште,бердән
734,zusammen::ADV,пырля́,бергә
735,lange::ADV,кужу́н,озак
736,plötzlich::ADV,кенета́,искәрмәстән
737,sofort::ADV,кызыта́к,хәзер
738,später::ADV,варара́к,соңрак
739,jetzt::ADV,ы́нде,хәзер
740,jetzt::ADV,кы́зыт,хәзер
741,heute::ADV,та́че,бүген
742,morgen::ADV,эрла́,иртәгә
743,bald::ADV,вашке́,тиздән
744,dann::ADV,вара́,аннары
745,gestern::ADV,теҥге́че,кичә
746,einst::ADV,икана́,берчак
747,damals::ADV,туна́м,ул вакытта
748,damals::ADV,туна́м,ул чакта
749,danach::ADV,вара́,да
750,vorher::ADV,о́нчыч,элек
751,zuerst::ADV,онда́к,башта
752,einmal::ADV,икана́,бер
753,einmal::ADV,икана́,бер мәртәбә
754,manchmal::ADV,ка́шын,кайчакта
755,manchmal::ADV,кокла́н,кайчакта
756,oft::ADV,чӱ́чкыдын,еш
757,immer::ADV,эре́,һәркайчан
758,immer::ADV,ту́тыш,һәркайчан
759,niemals::ADV,ок нигуна́м,hичбер вакыт
760,hier::ADV,ты́ште,монда
761,hier::ADV,ты́ште,биредә
762,hierhin::ADV,ты́шке,монда
763,hierhin::ADV,тыш,монда
764,von hier::ADV,тыше́ч,моннан
765,von hier::ADV,тыве́ч,моннан
766,dort::ADV,ту́што,анда
767,dorthin::ADV,туш,тегеләй
768,dorthin::ADV,ту́шко,тегеләй
769,geradeaus::ADV,вик,турыдан-туры
770,vorwärts::ADV,о́нчыко,алга
771,rückwärts::ADV,шеҥге́к,кире
772,zurück::ADV,мӧҥге́ш,кире
773,unten::ADV,ӱ́лнӧ,түбәндә
774,unten::ADV,йыма́лне,түбәндә
775,hinab::ADV,йыма́к,аска
776,oben::ADV,кӱ́шнӧ,өстә
777,oben::ADV,кӱ́шнӧ,югарыда
778,oben::ADV,ӱмба́лне,өстә
779,oben::ADV,ӱмба́лне,югарыда
780,hinauf::ADV,кӱ́ш,өскә
781,hinauf::ADV,кӱ́шкӧ,өскә
782,überall::ADV,чыла́ вере́,hәркайда
783,nicht::ADV,ок,түгел
784,nicht::ADV,о́геш,түгел
785,ein wenig::ADV,изи́ш,бераз
786,kaum::ADV,пыкше́,көчкә
787,sehr::ADV,чот,бик
788,so::ADV,тыге́,алай
789,noch::ADV,а́ле,янә
790,noch::ADV,а́ле,тагын
791,nur::ADV,гына́,фәкать
792,schon::ADV,ы́нде,инде
793,wieder::ADV,ада́к,янә
794,wieder::ADV,ада́к,тагын
795,vergebens::ADV,ара́м,юкка
796,vor::PRP,о́нчыч,алдыннан
797,hinter::PRP,шеҥге́лне,арттан
798,unter::PRP,йыма́лне,астында
799,durch::PRP,вошт,аша
800,neben::PRP,вокте́н,тирәсендә
801,zwischen::PRP,кокла́ште,арасында
802,wegen::PRP,верч,сәбәпле
803,dies::PRN,ти́де,бу
804,das::PRN,са́де,ул
805,alles::PRN,чыла́,һәммә
806,ich::PRN,мый,мин
807,du::PRN,тый,син
808,er::PRN,ту́до,ул
809,wir::PRN,ме,без
810,ihr::PRN,те,сез
811,sie::PRN,ну́но,ул
812,was::FPRN,мо,ни
813,was::FPRN,мо,нәрсә
814,wer::FPRN,кӧ,кем
815,wo::FADV,куша́н,кайда
816,wohin::FADV,куш,кая
817,wohin::FADV,ку́шко,кая
818,wie::FADV,кузе́,ничек
819,warum::FADV,мо,нигә
820,warum::FADV,мола́н,нигә
821,wieviel::FNUM,куна́р,ничә
822,eins::NUM,ик,бер
823,zwei::NUM,ко́кыт,ике
824,drei::NUM,кум,өч
825,vier::NUM,ныл,дүрт
826,fünf::NUM,вич,биш
827,sechs::NUM,куд,алты
828,sieben::NUM,шым,җиде
829,acht::NUM,канда́ш,сигез
830,neun::NUM,инде́ш,тугыз
831,zehn::NUM,лу,ун
832,elf::NUM,лати́к,унбер
833,zwölf::NUM,латко́к,унике
834,zwanzig::NUM,ко́ло,егерме
835,dreißig::NUM,ку́мло,утыз
836,vierzig::NUM,ны́лле,кырык
837,fünfzig::NUM,ви́тле,илле
838,sechzig::NUM,ку́дло,алтмыш
839,siebzig::NUM,шы́мле,җитмеш
840,achtzig::NUM,канда́шле,сиксән
841,neunzig::NUM,инде́шле,туксан
842,hundert::NUM,шӱ́дӧ,йөз
843,tausend::NUM,тӱже́м,мең
844,und::CNJ,да,вә
845,und::CNJ,ден,вә
846,oder::CNJ,я,яки
847,oder::CNJ,я,яисә
848,oder::CNJ,а́ле,яки
849,oder::CNJ,а́ле,яисә
850,stehen::V,шога́ш,тору
851,sitzen::V,шинча́ш,утыру
852,liegen::V,кия́ш,яту
853,hängen::V,кеча́ш,эленү
854,werden::V,лия́ш,булу
855,passieren::V,лия́ш,булу
856,beginnen::V,тӱҥгала́ш,башлану
857,enden::V,пыта́ш,бетү
858,wechseln::V,вашталта́ш,үзгәртү
859,aufgehen[Sonne]::V,лекта́ш,чыгу
860,untergehen[Sonne]::V,шинча́ш,бату
861,scheinen[Sonne]::V,волгалта́ш,яктырту
862,donnern::V,кӱдырта́ш,күкрәү
863,donnern::V,сургалта́ш,күкрәү
864,wehen::V,пуа́ш,исү
865,strömen::V,шийалтара́ш,агу
866,fließen::V,йога́ш,агу
867,sich drehen::V,пӧрда́ш,бөтерелү
868,schwanken::V,лӱҥга́ш,икеләнү
869,schwanken::V,тайныла́ш,икеләнү
870,schwingen::V,рӱпшалта́ш,тирбәлү
871,fallen::V,воза́ш,егылу
872,fallen::V,йӧрла́ш,егылу
873,brennen::V,йӱла́ш,яну
874,rauchen::V,шикша́ш,төтәү
875,rauchen::V,шикша́ш,төтенләү
876,regnen::V,йӱра́ш,яву
877,gefrieren::V,кылма́ш,кату
878,gefrieren::V,ияҥа́ш,кату
879,tauen::V,шула́ш,эрү
880,tauen::V,шула́ш,эретү
881,schmelzen::V,лева́ш,эрү
882,schmelzen::V,лева́ш,эретү
883,trocknen::V,кошка́ш,кибү
884,sieden::V,шола́ш,ургылу
885,faulen::V,шӱя́ш,черү
886,verfaulen::V,шӱйы́н шуа́ш,черү
887,reißen::V,кӱрла́ш,өзелү
888,versinken::V,пуре́н кая́ш,бату
889,vergehen::V,эрте́н кая́ш,авышу
890,erscheinen::V,толы́н лекта́ш,пәйда булу
891,verschwinden::V,йома́ш,югалу
892,verschwinden::V,йома́ш,юк булу
893,sinken::V,пуча́ш,кимү
894,sinken::V,пуча́ш,кайту
895,abnehmen::V,пуча́ш,азаю
896,zunehmen::V,шукема́ш,арту
897,zunehmen::V,шукема́ш,күбәю
898,zunehmen::V,шукема́ш,ишәю
899,steigen::V,нӧлталта́ш,үсү
900,wachsen::V,кушка́ш,үсү
901,glänzen::V,йылгыжа́ш,ялкылдау
902,funkeln::V,чолга́ш,ялтырау
903,lärmen::V,рӱшка́ш,шаулау
904,läuten::V,мура́ш,шалтырату
905,klingeln::V,йыҥгырта́ш,шалтырату
906,klirren::V,чылдыртата́ш,чылтырау
907,brausen::V,лӱшка́ш,давыллау
908,brausen::V,лӱшка́ш,дулау
909,rauschen::V,лыжга́ш,кыштырдау
910,klingen::V,йоҥга́ш,ишетелү
911,bellen::V,опта́ш,өрү
912,heulen::V,урмыжа́ш,улау
913,blasen::V,пуала́ш,өрү
914,pfeifen::V,шӱ́шкаш,сызгырту
915,schreien::V,кычкыра́ш,кычкыру
916,stöhnen::V,йыҥыса́ш,ыңгырашу
917,zittern::V,чытыра́ш,калтырау
918,zittern::V,чытыра́ш,калтырану
919,leben::V,ила́ш,яшәү
920,leben::V,ила́ш,гомер итү
921,geboren werden::V,шоча́ш,туу
922,atmen::V,шӱла́ш,сулау
923,trinken::V,йӱа́ш,эчү
924,essen::V,кочка́ш,ашау
925,schlucken::V,нела́ш,йоту
926,müde werden::V,ноя́ш,ялыгу
927,müde werden::V,ноя́ш,йөгенү
928,einschlafen::V,мале́н колта́ш,йокыга китү
929,schlafen::V,мала́ш,йоклау
930,aufwachen::V,помыжалта́ш,уяну
931,aufstehen::V,кынела́ш,тору
932,sich erholen::V,кана́ш,ял алу
933,sich erholen::V,кана́ш,истирахәт итү
934,krank werden::V,черлане́н воза́ш,чирләү
935,krank sein::V,черлане́н кия́ш,чирләү
936,schmerzen::V,коршта́ш,авырту
937,husten::V,кокыра́ш,ютәлләү
938,genesen::V,тӱрла́ш,савыгу
939,genesen::V,тӱрла́ш,сәламәтләнү
940,genesen::V,тазаҥа́ш,савыгу
941,genesen::V,тазаҥа́ш,сәламәтләнү
942,sterben::V,кола́ш,үлү
943,sterben::V,кола́ш,дөнья кую
944,sterben::V,кола́ш,вафат булу
945,umkommen::V,вуй йома́ш,үлү
946,sich bewegen::V,кошта́ш,йөрү
947,sich rühren::V,тарвана́ш,кыймылдау
948,sich erheben::V,кынела́ш,басу
949,sich setzen::V,шинча́ш,утыру
950,hinfallen::V,йӧрла́ш,егылу
951,laufen::V,кошта́ш,җәяүләү
952,schreiten::V,ошкыла́ш,атлау
953,spazierengehen::V,гуля́яш,йөрү
954,spazierengehen::V,гуля́яш,йөргенү
955,eilen::V,вашка́ш,ашыгу
956,sich beeilen::V,вашкешта́ш,ашыгу
957,sich beeilen::V,вашкешта́ш,кызулау
958,sausen::V,юлтка́ш,җилдерү
959,rennen::V,куржтала́ш,йөгерү
960,springen::V,тӧршта́ш,сикерү
961,klettern::V,кӱза́ш,үрмәләү
962,schaukeln::V,лӱҥгалта́ш,атыну
963,kriechen::V,нушка́ш,шуышу
964,kriechen::V,нушка́ш,үрмәләү
965,schwimmen::V,ия́ш,йөзү
966,tauchen::V,шуҥгалта́ш,чуму
967,rudern::V,удыра́ш,ишү
968,fahren::V,кудала́ш,бару
969,fliegen::V,чоҥешта́ш,очу
970,gehen::V,кая́ш,йөрү
971,weggehen::V,кораҥа́ш,китү
972,abfahren::V,лекта́ш,кузгалу
973,anhalten::V,чарна́ш,тукталу
974,hineingehen::V,пура́ш,инү
975,eintreten::V,пура́ш,инү
976,kommen::V,тола́ш,килү
977,ankommen::V,шуа́ш,бару
978,zurückkommen::V,пӧртыла́ш,кире кайту
979,bleiben::V,кода́ш,калу
980,warten::V,вуча́ш,көтү
981,erwarten::V,вуча́ш,көтү
982,suchen::V,кычала́ш,эзләү
983,finden::V,муа́ш,табу
984,versuchen::V,толаша́ш,маташу
985,vorbereiten::V,ямдыла́ш,хәзерләү
986,lieben::V,йӧрата́ш,сөю
987,lieben::V,йӧрата́ш,ярату
988,mögen::V,йӧрата́ш,өнәү
989,lachen::V,воштыла́ш,көлү
990,rühren::V,ку́мыл тарвата́ш,дулкынландыру
991,weinen::V,шорта́ш,елау
992,schimpfen::V,каргаша́ш,сүгү
993,schimpfen::V,каргаша́ш,сүгенү
994,sich ärgern::V,сыра́ш,ачулану
995,sich fürchten::V,лӱда́ш,курку
996,fürchten::V,лӱда́ш,калтырау
997,fürchten::V,лӱда́ш,калтырану
998,fliehen::V,куржа́ш,арка бирү
999,flüchten::V,куржа́ш,качу
1000,sehen::V,ужа́ш,күрү
1001,anschauen::V,онча́ш,карау
1002,ansehen::V,эскера́ш,карау
1003,ansehen::V,эскера́ш,күзәтү
1004,hören::V,кола́ш,ишетү
1005,zuhören::V,колышта́ш,тыңлау
1006,probieren::V,тамла́ш,тату
1007,riechen::V,ӱпшынча́ш,иснәү
1008,fühlen::V,шижа́ш,тою
1009,fühlen::V,шижа́ш,сизү
1010,scheinen::V,чуча́ш,күренү
1011,zu sehen sein::V,коя́ш,күренү
1012,vernehmen::V,кола́ш,ишетү
1013,frieren::V,кылма́ш,өшү
1014,frieren::V,кылма́ш,күшегү
1015,tun::V,ышта́ш,итү
1016,können::V,мошта́ш,алу
1017,wollen::V,тӱна́ш,теләү
1018,anfangen::V,тӱҥала́ш,керешү
1019,beenden::V,пытара́ш,бетерү
1020,beenden::V,пытара́ш,тәмамлау
1021,aufhören::V,чарна́ш,бетү
1022,gelingen::V,сай лекта́ш,уңу
1023,geraten::V,лекта́ш,сабышу
1024,öffnen::V,поча́ш,ачу
1025,schließen::V,петыра́ш,ябу
1026,stellen::V,шында́ш,кую
1027,setzen::V,шында́ш,утырту
1028,legen::V,опта́ш,яткыру
1029,legen::V,пышта́ш,яткыру
1030,berühren::V,тӱка́ш,тию
1031,verbinden::V,пида́ш,ялгау
1032,bedecken::V,леведа́ш,өрту
1033,bedecken::V,леведа́ш,каплау
1034,bedecken::V,леведа́ш,томалау
1035,aufhängen::V,сака́ш,асу
1036,anzünden::V,чӱкта́ш,кабызу
1037,aufheben::V,нӧлтала́ш,күтәрү
1038,zurücklassen::V,кода́ш,калдыру
1039,verlieren::V,йомдара́ш,югалту
1040,fallen lassen::V,воза́ш,төшерү
1041,machen::V,ышта́ш,ясау
1042,machen::V,ышта́ш,эшләү
1043,herstellen::V,ямдыла́ш,ясау
1044,bauen::V,чоҥа́ш,кору
1045,reparieren::V,ачала́ш,төзәтү
1046,verbessern::V,саемда́ш,яхшырту
1047,ändern::V,весемда́ш,үзгәртү
1048,graben::V,кӱнча́ш,казу
1049,beugen::V,пӱгырта́ш,ию
1050,biegen::V,лывырта́ш,бөгү
1051,drehen::V,пӱтыра́ш,бору
1052,drehen::V,пӱтыра́ш,бөтерү
1053,wenden::V,ирала́ш,бору
1054,umdrehen::V,савырала́ш,түнтәрү
1055,heben::V,нӧлта́ш,күтәрү
1056,hochheben::V,нӧлта́ш,күтәрү
1057,ergreifen::V,руалта́ш,эләктерү
1058,halten::V,куча́ш,тоту
1059,drücken::V,иша́ш,кысу
1060,drücken::V,темда́ш,кысу
1061,schieben::V,шӱкала́ш,кузгату
1062,kratzen::V,удыра́ш,тырнау
1063,lecken::V,нула́ш,ялау
1064,beißen::V,пура́ш,тешләү
1065,abreißen::V,кӱрла́ш,өзү
1066,abschneiden::V,пӱчка́ш,кыю
1067,abschneiden::V,пӱчка́ш,кисү
1068,binden::V,кылда́ш,бәйләү
1069,stecken::V,шуралта́ш,төртү
1070,stecken::V,шуралта́ш,тыгу
1071,brechen::V,тодышта́ш,сындыру
1072,klopfen::V,кыра́ш,шаку
1073,klopfen::V,кыра́ш,шакылдау
1074,hauen::V,тӱя́ш,кыйнау
1075,kleben::V,клеитла́ш,ябыштыру
1076,reiben::V,йыга́ш,ышку
1077,reiben::V,туржала́ш,ышку
1078,streichen::V,шӱра́ш,ягу
1079,schleifen::V,шума́ш,кайрау
1080,schleifen::V,яна́ш,кайрау
1081,schneiden::V,пӱчка́ш,кисү
1082,rütteln::V,рӱза́ш,селкетү
1083,schütteln::V,почка́ш,селкетү
1084,schwenken::V,рӱза́ш,болгау
1085,schütten::V,опта́ш,кою
1086,füllen::V,тема́ш,тутыру
1087,einwickeln::V,вӱдыла́ш,төрү
1088,tragen::V,нумала́ш,ташу
1089,schleppen::V,шӱдыра́ш,сөйрәү
1090,schleppen::V,шӱдыра́ш,өстерәү
1091,ziehen::V,шупша́ш,тарту
1092,aufbewahren::V,арала́ш,саклау
1093,werfen::V,шуа́ш,ыргыту
1094,werfen::V,кышка́ш,ыргыту
1095,fangen::V,куча́ш,тоту
1096,packen::V,руалта́ш,эләктерү
1097,verstecken::V,тоя́ш,яшерү
1098,teilen::V,пӧла́ш,бүлү
1099,schicken::V,колта́ш,җибәрү
1100,bringen::V,конда́ш,китерү
1101,hinzufügen::V,ешара́ш,өстәү
1102,bekommen::V,нала́ш,алу
1103,erhalten::V,нала́ш,алу
1104,nehmen::V,нала́ш,алу
1105,wählen::V,сайла́ш,сайлау
1106,auswählen::V,таҥгла́ш,сайлау
1107,bewahren::V,сакла́ш,саклау
1108,behindern::V,чаракла́ш,комачаулау
1109,verderben::V,пужа́ш,бозу
1110,beschädigen::V,пужа́ш,бозу
1111,zerbrechen::V,пудырта́ш,вату
1112,zerreißen::V,кӱрла́ш,өзү
1113,zerreißen::V,кӱрла́ш,ерту
1114,zerstören::V,шалата́ш,җимерү
1115,verbrennen::V,йӱлата́ш,яндыру
1116,verbrennen::V,йӱлата́ш,көйдерү
1117,geben::V,пуа́ш,бирү
1118,reichen::V,пуа́ш,тапшыру
1119,schenken::V,пӧлекла́ш,бүләкләү
1120,versprechen::V,сӧра́ш,вәгъдә бирү
1121,wünschen::V,тылана́ш,котлау
1122,loben::V,мокта́ш,мактау
1123,küssen::V,шупшала́ш,үбү
1124,wiegen::V,рӱпша́ш,тирбәтү
1125,zudecken::V,леведа́ш,ябу
1126,zudecken::V,леведа́ш,бөркәү
1127,wecken::V,помыжалтара́ш,уяту
1128,zeigen::V,ончыкта́ш,күрсәтү
1129,führen::V,вӱда́ш,йөртү
1130,lehren::V,туныкта́ш,өйрәтү
1131,unterrichten::V,туныкта́ш,укыту
1132,aufziehen::V,орышта́ш,асрау
1133,leiten::V,вӱда́ш,җитәкләү
1134,leiten::V,вуйлата́ш,җитәкләү
1135,antreiben::V,поктыла́ш,куалау
1136,antreiben::V,поктыла́ш,әйдәләү
1137,antreiben::V,поктыла́ш,ашыктыру
1138,lassen::V,-та́ш,мәҗбүр итү
1139,einladen::V,ӱжа́ш,чакыру
1140,vereinigen::V,иктешла́ш,берләштерү
1141,besuchen::V,то́лын кая́ш,керешү
1142,treffen::V,вашлия́ш,очрату
1143,sich versammeln::V,погына́ш,җыелышу
1144,sich versammeln::V,чумырга́ш,җыелышу
1145,spielen::V,мода́ш,уйнау
1146,singen::V,мура́ш,җырлау
1147,tanzen::V,кушта́ш,бию
1148,sich trennen::V,ойырла́ш,аерылу
1149,sich trennen::V,ойырла́ш,ташлашу
1150,verlassen::V,кудалта́ш,ташлау
1151,verlassen::V,кудалта́ш,калдыру
1152,retten::V,утара́ш,коткару
1153,bewachen::V,орола́ш,каравыллау
1154,schützen::V,арала́ш,ышыклау
1155,verteidigen::V,арала́ш,яклау
1156,verteidigen::V,арала́ш,саклау
1157,sich schlagen::V,кредала́ш,сугышу
1158,schießen::V,лӱя́ш,ату
1159,siegen::V,сеҥа́ш,җиңү
1160,ärgern::V,сырыкта́ш,ачуландыру
1161,schlagen::V,пера́ш,ору
1162,schlagen::V,пера́ш,бәрү
1163,schlagen::V,пера́ш,тукмау
1164,treten::V,тошка́ш,тибү
1165,stechen::V,кера́ш,кадау
1166,stoßen::V,шӱкала́ш,этү
1167,stehlen::V,шолышта́ш,урлау
1168,stören::V,мешая́ш,комачаулау
1169,belästigen::V,толаштара́ш,борчу
1170,belästigen::V,толаштара́ш,билмазалау
1171,verbergen::V,шылта́ш,яшерү
1172,täuschen::V,ондала́ш,алдату
1173,betrügen::V,ондала́ш,хәрәмләшү
1174,töten::V,пушта́ш,үтерү
1175,wohnen::V,ила́ш,яшәү
1176,arbeiten::V,пашалана́ш,эшләү
1177,arbeiten::V,паша́м ышта́ш,эшләү
1178,sammeln::V,пога́ш,туплау
1179,pflücken::V,кӱра́ш,өзү
1180,jagen::V,сонарла́ш,аулау
1181,fischen::V,кол куча́ш,балык тоту
1182,fassen::V,куча́ш,тоту
1183,hüten::V,кӱта́ш,көтү
1184,treiben::V,покта́ш,куалау
1185,anbinden::V,йолышта́ш,бәйләү
1186,füttern::V,пукша́ш,туйдыру
1187,melken::V,лӱшта́ш,саву
1188,hacken::V,руа́ш,чабу
1189,gießen::V,шава́ш,сугару
1190,reifen::V,кӱа́ш,җитешү
1191,zubereiten::V,ямдыла́ш,пешеренү
1192,kochen::V,шолта́ш,пешерү
1193,kochen::V,шолта́ш,кайнату
1194,backen::V,кӱкташ,пешерү
1195,braten::V,пуштыла́ш,куыру
1196,braten::V,пуштыла́ш,кыздыру
1197,braten::V,жаритла́ш,куыру
1198,braten::V,жаритла́ш,кыздыру
1199,umrühren::V,луга́ш,бутау
1200,umrühren::V,луга́ш,болгату
1201,stricken::V,пида́ш,бәйләү
1202,nähen::V,урга́ш,тегү
1203,färben::V,чиялта́ш,ману
1204,reinigen::V,эрыкта́ш,чистарту
1205,waschen::V,мушка́ш,юу
1206,abwischen::V,ӱшта́ш,сөртү
1207,spülen::V,шӱалта́ш,чайкау
1208,fegen::V,ӱшта́ш,себерү
1209,kehren::V,ӱшта́ш,себерү
1210,baden::V,йӱштыла́ш,коену
1211,sich waschen::V,мушкылта́ш,юыну
1212,ausziehen::V,кудаша́ш,чишенү
1213,anziehen::V,чия́ш,кию
1214,sich anziehen::V,чия́ш,киенү
1215,kämmen::V,шера́ш,тарау
1216,schmücken::V,тӱзата́ш,бизәү
1217,schmücken::V,тӱзата́ш,бизәкләү
1218,schmücken::V,чеверта́ш,бизәү
1219,schmücken::V,чеверта́ш,бизәкләү
1220,sagen::V,ойла́ш,дию
1221,sagen::V,ойла́ш,әйтү
1222,sagen::V,каласа́ш,дию
1223,sagen::V,каласа́ш,әйтү
1224,sprechen::V,кутыра́ш,сөйләү
1225,sprechen::V,кутыра́ш,сөйләшү
1226,reden::V,мутлана́ш,сөйләү
1227,sich unterhalten::V,кутыра́ш,сөйләшү
1228,fragen::V,йода́ш,сорау
1229,fragen::V,йода́ш,сорашу
1230,bitten::V,йода́ш,үтенү
1231,erzählen::V,ойла́ш,сөйләү
1232,mitteilen::V,увертара́ш,белдерү
1233,nennen::V,лӱмда́ш,дию
1234,rufen::V,ӱжа́ш,дәшү
1235,prahlen::V,моктана́ш,мактану
1236,prahlen::V,моктана́ш,шапырыну
1237,übersetzen::V,кусара́ш,күчерү
1238,denken::V,шона́ш,уйлау
1239,glauben::V,ӱшана́ш,инану
1240,bemerken::V,шижа́ш,искәрү
1241,erkennen::V,пала́ш,тану
1242,begreifen::V,ыҥла́ш,аңлау
1243,begreifen::V,ыҥла́ш,төшенү
1244,verstehen::V,умыла́ш,аңлау
1245,verstehen::V,умыла́ш,төшенү
1246,lernen::V,тунема́ш,уку
1247,lernen::V,тунема́ш,өйрәнү
1248,wissen::V,шинча́ш,белү
1249,sich erinnern an::V,шарна́ш,хәтерләү
1250,vergessen::V,монда́ш,оныту
1251,messen::V,виса́ш,үлчәү
1252,zählen::V,шотла́ш,санау
1253,rechnen::V,шотла́ш,исәпләү
1254,lesen::V,луда́ш,уку
1255,malen::V,сӱретла́ш,рәсем ясау
1256,malen::V,сӱретла́ш,сурәт ясау
1257,malen::V,сӱретла́ш,сурәтләү
1258,zeichnen::V,сӱретла́ш,язу-сызу
1259,zeichnen::V,сӱретла́ш,сурәт ясау
1260,schreiben::V,воза́ш,язу
1261,besitzen::V,лия́ш,биләү
1262,kaufen::V,нала́ш,алу
1263,verkaufen::V,ужала́ш,сату
1264,bezahlen::V,тӱла́ш,түләү
1265,zahlen::V,тӱла́ш,түләү
1266,beherrschen::V,куча́ш,ия булу
1267,ertragen::V,турка́ш,чыдау
